POS	word_en_1	word_en_2	word_ro_1	word_ro_2	ro pair accept	conc(w1)	conc(w2)	en human  scores	ro human scores	ro human scores specialists	Corola (400.5)	Corola (300.20)	Facebook	Conll (2017)	path (ro)	lch (ro)	wup  (ro)	path (en)	lch (en)	wup (en)
N	wife	husband	soție	soț	1	4.13	4.11	2.3	4.22	3.75	0.8	0.81	0.65	0.83	0.33	3.42	0.67	0.33	2.54	0.6
N	book	text	carte	text	1	4.9	4.93	6.35	3.62	5.83	0.31	0.42	0.29	0.33	0.17	2.42	0.71	0.5	2.94	0.95
N	groom	bride	mire	mireasă	1	4.54	4.63	3.17	4.12	3.75	0.62	0.67	0.51	0.62	0.1	1.68	0.56	0.33	2.54	0.91
N	night	day	noapte	zi	1	4.52	3.92	1.88	1.63	2.08	0.57	0.6	0.4	0.66	0.25	3	0.83	0.33	2.54	0.83
N	south	north	sud	nord	1	3.84	4.14	2.2	1.42	2.08	0.85	0.89	0.97	0.94	0.25	3	0.88	0.33	2.54	0.88
N	plane	airport	avion	aeroport	1	4.92	4.87	3.65	2.55	1.25	0.6	0.62	0.56	0.67	0.09	1.54	0.4	0.11	1.44	0.56
N	uncle	aunt	unchi	mătușă	1	4.24	4.17	5.5	3.37	2.5	0.64	0.71	0.29	0.6	0.17	2.42	0.75	0.2	2.03	0.6
N	horse	mare	cal	iapă	1	5	4.75	8.33	4.5	3.33	0.57	0.61	0.39	0.63	0.33	3.42	0.96	0.5	2.94	0.97
N	bottom	top	bază	vârf	1	4.25	3.93	0.7	1.25	1.25	0.21	0.25	0.33	0.65	0.2	2.68	0.82	0.33	2.54	0.9
N	friend	buddy	prieten	tovarăș	1	3.07	3.48	8.78	8.48	9.58	0.59	0.64	0.47	0.58	0.33	3.42	0.92	0.5	2.94	0.71
N	student	pupil	student	elev	1	4.92	4.55	9.35	5.6	6.25	0.65	0.67	0.66	0.69	0.33	3.42	0.93	1	3.64	1
N	world	globe	lume	planetă	1	4.36	4.59	6.67	4.82	4.17	0.67	0.68	0.47	0.54	0.2	2.68	0.67	1	3.64	1
N	leg	arm	picior	braț	1	4.83	4.96	2.88	1.45	1.25	0.54	0.61	0.27	0.56	0.25	3	0.86	0.33	2.54	0.89
N	woman	man	femeie	bărbat	1	4.46	4.79	3.33	2.02	2.5	0.78	0.79	0.61	0.68	0.25	3	0.83	0.33	2.54	0.71
N	horse	colt	cal	mânz	1	5	4.96	7.07	4.97	5.83	0.54	0.55	0.39	0.66	0.25	3	0.48	0.09	1.24	0.58
N	actress	actor	actriță	actor	1	4.54	4.57	7.12	4.18	3.75	0.62	0.63	0.58	0.73	0.33	3.42	0.94	0.5	2.94	0.95
N	teacher	instructor	profesor	instructor	1	4.52	4.26	9.25	5.92	7.5	0.45	0.5	0.53	0.62	0.12	2	0.62	1	3.64	1
N	movie	film	film	peliculă	1	4.59	4.71	8.87	7.38	8.33	0.61	0.59	0.46	0.5	1	4	1	1	3.64	1
N	bird	hawk	pasăre	șoim	1	5	4.93	7.85	4.08	2.92	0.45	0.52	0.41	0.72	0.25	3	0.89	0.33	2.54	0.91
N	word	dictionary	cuvânt	dicționar	1	3.56	4.62	3.68	2.87	1.67	0.44	0.48	0.37	0.49	0.07	1.09	0.11	0.06	0.75	0.11
N	money	salary	bani	salariu	1	4.54	3.69	7.88	4.33	4.58	0.44	0.47	0.4	0.47	0.1	1.68	0.5	0.1	1.34	0.47
N	dog	cat	câine	pisică	1	4.85	4.86	1.75	1.52	1.25	0.66	0.68	0.49	0.88	0.2	2.68	0.83	0.2	2.03	0.86
N	area	region	zonă	regiune	1	3.72	3.19	9.47	8.33	9.17	0.7	0.71	0.35	0.54	1	4	1	1	3.64	1
N	navy	army	flotă	armată	1	3.93	4.7	6.43	4.4	4.58	0.53	0.55	0.4	0.74	0.33	3.42	0.93	0.33	2.54	0.89
N	book	literature	carte	literatură	1	4.9	4.1	7.53	3.48	3.33	0.5	0.55	0.41	0.49	0.2	2.68	0.77	0.25	2.25	0.77
N	sunset	sunrise	apus	răsărit	1	4.54	4.69	2.47	1.42	2.08	0.83	0.88	0.58	0.72	0.25	3	0.9	0.33	2.54	0.9
N	child	adult	copil	adult	1	4.78	4.4	2.98	1.1	1.25	0.6	0.62	0.66	0.66	0.25	3	0.83	0.33	2.54	0.75
N	cow	cattle	vacă	cireadă	1	4.96	4.64	9.52	3.02	2.5	0.46	0.54	0.34	0.73	0.33	3.42	0.97	0.5	2.94	0.97
N	book	story	carte	poveste	1	4.9	3.3	5.63	3.58	2.5	0.52	0.56	0.54	0.55	0.14	2.19	0.67	0.2	2.03	0.71
N	winter	summer	iarnă	vară	1	3.84	3.64	2.38	1.2	2.08	0.74	0.79	0.59	0.92	0.25	3	0.86	0.33	2.54	0.86
N	tree	maple	copac	arțar	1	5	4.46	5.53	4.25	2.5	0.51	0.56	0.3	0.53	0.25	3	0.89	0.33	2.54	0.91
N	bed	bedroom	pat	dormitor	1	5	4.9	3.4	2.8	1.25	0.68	0.74	0.59	0.78	0.12	2	0.53	0.17	1.85	0.67
N	roof	ceiling	acoperiș	tavan	1	4.79	4.85	7.58	4.65	4.17	0.58	0.62	0.27	0.58	0.14	2.19	0.55	1	3.64	1
N	disease	infection	boală	infecție	1	3.45	4.1	7.15	5.25	4.58	0.51	0.57	0.46	0.82	0.2	2.68	0.84	0.25	2.25	0.84
N	arm	shoulder	braț	umăr	1	4.96	4.93	4.85	2.95	2.08	0.72	0.75	0.36	0.75	0.14	2.19	0.55	0.33	2.54	0.88
N	sheep	lamb	oaie	miel	1	4.9	4.97	8.42	3.93	2.92	0.69	0.72	0.55	0.82	0.25	3	0.8	0.2	2.03	0.67
N	lady	gentleman	doamnă	gentleman	1	4.33	3.57	3.42	1.82	1.67	0.36	0.44	0.25	0.36	0.17	2.42	0.62	0.2	2.03	0.6
N	boat	anchor	barcă	ancoră	1	4.93	4.77	2.25	2.38	1.67	0.47	0.48	0.35	0.71	0.1	1.68	0.5	0.11	1.44	0.6
N	priest	monk	preot	călugăr	1	4.77	4.35	6.28	4.47	3.75	0.67	0.72	0.34	0.77	0.14	2.19	0.67	0.14	1.69	0.6
N	anger	fury	mânie	furie	1	2.41	2.89	8.73	9.25	10	0.78	0.82	0.45	0.7	1	4	1	0.5	2.94	0.93
N	date	calendar	dată	calendar	1	3.9	4.62	4.42	3.77	1.67	0.23	0.26	0.08	0.28	0.14	2.19	0.62	0.11	1.44	0.4
N	sea	ocean	mare	ocean	1	4.79	4.86	8.27	4.15	6.25	0.25	0.28	0.34	0.28	0.25	3	0.33	1	3.64	1
N	second	minute	secundă	minut	1	3.3	3.04	4.62	2.67	2.92	0.57	0.58	0.54	0.57	0.33	3.42	0.89	1	3.64	1
N	wood	log	lemn	buștean	1	4.85	4.96	7.3	6.1	7.08	0.44	0.49	0.32	0.45	0.33	3.42	0.91	0.5	2.94	0.94
N	mud	dirt	noroi	mizerie	1	4.86	4.86	7.32	5.25	6.25	0.47	0.51	0.43	0.61	0.14	2.19	0.55	0.5	2.94	0.94
N	hallway	corridor	hol	coridor	1	4.74	4.72	9.28	8.97	10	0.69	0.76	0.51	0.67	0.33	3.42	0.93	0.5	2.94	0.95
N	way	manner	mod	manieră	1	2.34	1.62	7.62	8.2	10	0.42	0.42	0.49	0.45	1	4	1	1	3.64	1
N	mouse	cat	șoarece	pisică	1	4.83	4.86	1.12	1.63	1.25	0.54	0.6	0.4	0.73	0.14	2.19	0.78	0.2	2.03	0.81
N	cop	sheriff	polițist	șerif	1	4.3	4.5	9.05	5.72	6.25	0.48	0.5	0.29	0.72	0.25	3	0.89	0.25	2.25	0.87
N	death	burial	moarte	înmormântare	1	3.73	3.93	4.93	4.57	2.92	0.48	0.51	0.37	0.47	0.1	1.68	0.5	0.12	1.56	0.53
N	music	melody	muzică	melodie	1	4.31	3.71	6.98	7.08	6.25	0.66	0.68	0.47	0.58	0.33	3.42	0.91	0.5	2.94	0.91
N	beer	alcohol	bere	alcool	1	4.88	4.76	7.5	4.68	2.5	0.5	0.53	0.5	0.64	0.25	3	0.83	0.33	2.54	0.9
N	mouth	lip	gură	buză	1	4.74	4.96	7.1	3.77	2.5	0.53	0.56	0.44	0.6	0.12	2	0.5	1	3.64	1
N	storm	hurricane	furtună	uragan	1	4.7	4.59	6.38	6.07	6.67	0.66	0.69	0.49	0.69	0.2	2.68	0.8	0.25	2.25	0.84
N	tax	income	taxă	venit	1	3.89	3.07	2.38	1.2	0.83	0.21	0.28	0.11	0.24	0.1	1.68	0.5	0.1	1.34	0.47
N	flower	violet	floare	violetă	1	5	4.48	6.95	3.58	2.5	0.56	0.59	0.35	0.46	0.17	2.42	0.71	0.14	1.69	0.73
N	paper	cardboard	hârtie	carton	1	4.93	4.9	5.38	3.08	2.5	0.62	0.63	0.47	0.72	0.33	3.42	0.89	0.5	2.94	0.93
N	floor	ceiling	podea	tavan	1	4.8	4.85	1.73	1.07	0.83	0.67	0.75	0.57	0.75	0.14	2.19	0.62	0.33	2.54	0.92
N	beach	seashore	plajă	țărm	1	4.79	4.63	8.33	6.03	6.25	0.55	0.57	0.28	0.6	0.25	3	0.67	0.25	2.25	0.73
N	rod	curtain	galerie	perdea	1	4.43	4.82	3.03	2.52	3.33	0.4	0.46	0.22	0.41	0.1	1.68	0.33	0.2	2.03	0.75
N	street	alley	stradă	alee	1	4.75	4.82	5.48	6.25	4.58	0.6	0.66	0.41	0.53	0.33	3.42	0.93	0.5	2.94	0.95
N	boat	deck	barcă	punte	1	4.93	4.77	4.28	1.85	0.83	0.5	0.55	0.37	0.38	0.1	1.68	0.47	0.17	1.85	0.74
N	car	horn	mașină	claxon	1	4.89	5	2.57	2.52	1.25	0.51	0.57	0.24	0.35	0.2	2.68	0.77	0.17	1.85	0.71
N	friend	guest	prieten	oaspete	1	3.07	3.83	4.25	2.3	1.25	0.46	0.5	0.35	0.54	0.17	2.42	0.71	0.2	2.03	0.67
N	employer	employee	angajator	angajat	1	3.81	4.1	3.65	1.77	1.67	0.51	0.53	0.53	0.66	0.17	2.42	0.71	0.2	2.03	0.67
N	victory	triumph	victorie	triumf	1	2.55	2.17	8.98	9.37	9.58	0.5	0.54	0.5	0.4	1	4	1	1	3.64	1
N	door	doorway	ușă	prag	1	4.81	4.75	5.4	2.95	2.08	0.41	0.42	0.18	0.36	1	4	1	1	3.64	1
N	motel	inn	motel	han	1	4.93	4.64	8.17	5.72	8.33	0.34	0.37	0.32	0.39	1	4	1	0.25	2.25	0.84
N	nail	thumb	unghie	deget	1	4.93	4.96	3.55	2.95	2.08	0.52	0.59	0.42	0.72	0.07	1.09	0.15	0.12	1.56	0.59
N	band	orchestra	trupă	orchestră	1	4.68	4.79	7.08	5.85	8.33	0.56	0.62	0.35	0.65	0.25	3	0.86	0.33	2.54	0.86
N	book	bible	carte	biblie	1	4.9	4.61	5	3.37	2.92	0.47	0.51	0.54	0.56	0.2	2.68	0.84	1	3.64	1
N	business	industry	afacere	industrie	1	3.28	3.29	7.02	3.48	2.08	0.37	0.44	0.45	0.46	0.2	2.68	0.8	0.5	2.94	0.95
N	winter	season	iarnă	anotimp	1	3.84	3.32	6.27	3.55	2.5	0.52	0.57	0.47	0.55	0.33	3.42	0.92	0.5	2.94	0.92
N	decade	century	deceniu	secol	1	3.19	2.83	3.48	2.1	1.67	0.77	0.8	0.75	0.87	0.25	3	0.83	0.33	2.54	0.88
N	alcohol	gin	alcool	gin	1	4.76	4.46	8.65	4.33	3.33	0.41	0.48	0.36	0.47	0.25	3	0.83	0.33	2.54	0.9
N	hat	coat	pălărie	palton	1	4.88	4.97	2.67	1.23	1.25	0.63	0.74	0.33	0.59	0.14	2.19	0.67	0.2	2.03	0.76
N	window	door	fereastră	ușă	1	4.86	4.81	3.33	1.13	1.25	0.69	0.74	0.29	0.77	0.17	2.42	0.67	0.2	2.03	0.75
N	house	apartment	casă	apartament	1	5	4.9	5.8	4.57	6.25	0.47	0.53	0.29	0.48	0.2	2.68	0.77	0.25	2.25	0.82
N	glass	crystal	sticlă	cristal	1	4.82	4.58	6.27	3.65	4.58	0.62	0.67	0.48	0.58	0.25	3	0.75	0.33	2.54	0.9
N	creator	maker	creator	făcător	1	3.07	3.9	9.62	8.12	8.33	0.41	0.45	0.32	0.45	0.33	3.42	0.92	1	3.64	1
N	arm	muscle	braț	mușchi	1	4.96	4.5	3.72	2.87	2.92	0.37	0.42	0.24	0.7	0.11	1.83	0.46	0.12	1.56	0.59
N	bubble	suds	balon	clăbuc	1	4.6	4.59	8.57	4.9	5.42	0.35	0.39	0.14	0.42	0.12	2	0.11	0.33	2.54	0.9
N	bread	flour	pâine	făină	1	4.92	4.97	3.33	2.58	2.08	0.64	0.73	0.51	0.83	0.12	2	0.2	0.25	2.25	0.8
N	death	tragedy	moarte	tragedie	1	3.73	2.07	5.8	4.22	3.33	0.44	0.48	0.39	0.55	0.14	2.19	0.67	0.17	1.85	0.67
N	absence	presence	absență	prezență	1	2.31	2.72	0.4	0.5	0.42	0.46	0.47	0.44	0.68	0.2	2.68	0.8	0.2	2.03	0.62
N	gun	cannon	armă	tun	1	4.83	4.79	5.68	3.62	2.5	0.43	0.42	0.21	0.5	0.25	3	0.88	0.5	2.94	0.95
N	ball	basket	minge	coș	1	5	5	1.67	1.8	0.42	0.54	0.53	0.21	0.35	0.2	2.68	0.8	0.25	2.25	0.84
N	hose	garden	furtun	grădină	1	4.87	4.73	1.67	1.7	0	0.37	0.41	0.15	0.31	0.08	1.3	0.14	0.08	1.07	0.33
N	church	choir	biserică	cor	1	4.9	4.34	2.95	2.63	1.25	0.33	0.39	0.35	0.32	0.14	2.19	0.67	0.17	1.85	0.71
N	tower	bell	turn	clopot	1	4.76	4.96	1.9	2.23	1.25	0.48	0.53	0.45	0.63	0.17	2.42	0.62	0.2	2.03	0.71
N	father	parent	tată	părinte	1	4.52	4.56	7.07	7.8	8.75	0.61	0.63	0.4	0.71	1	4	1	0.5	2.94	0.96
N	school	grade	școală	clasă	1	4.79	3	4.42	3.4	2.92	0.55	0.58	0.41	0.64	0.17	2.42	0.67	0.2	2.03	0.67
N	parent	adult	părinte	adult	1	4.56	4.4	5.37	4.78	3.75	0.32	0.32	0.39	0.3	0.2	2.68	0.77	0.25	2.25	0.8
N	bar	jail	gratie	închisoare	1	4.67	4.83	1.9	3.87	2.08	0.19	0.22	0.21	0.17	0.14	2.19	0.62	0.12	1.56	0.63
N	car	highway	mașină	autostradă	1	4.89	4.72	3.4	2.45	0.83	0.43	0.5	0.15	0.63	0.12	2	0.5	0.12	1.56	0.59
N	dictionary	definition	dicționar	definiție	1	4.62	3.07	6.25	3.62	2.5	0.34	0.38	0.21	0.54	0.06	0.91	0.1	0.05	0.69	0.1
N	door	cellar	ușă	pivniță	1	4.81	4.68	1.97	1.2	0	0.51	0.6	0.29	0.79	0.17	2.42	0.71	0.25	2.25	0.8
N	army	legion	armată	legiune	1	4.7	2.69	5.95	5.53	6.25	0.63	0.68	0.46	0.67	0.33	3.42	0.93	0.5	2.94	0.94
N	metal	aluminum	metal	aluminiu	1	4.87	4.88	7.25	4	3.33	0.57	0.62	0.59	0.64	0.33	3.42	0.89	0.5	2.94	0.93
N	chair	bench	scaun	bancă	1	4.58	4.87	6.67	2.98	4.17	0.28	0.35	0.3	0.22	0.33	3.42	0.93	0.33	2.54	0.9
N	cloud	fog	nor	ceață	1	4.54	4.66	6	2.77	3.33	0.55	0.6	0.25	0.58	0.25	3	0.83	0.33	2.54	0.88
N	boy	son	băiat	fiu	1	4.76	4.14	6.75	5.25	8.33	0.52	0.61	0.23	0.48	1	4	1	1	3.64	1
N	water	ice	apă	gheață	1	5	4.89	6.47	2.7	1.67	0.53	0.56	0.3	0.67	0.14	2.19	0.55	0.2	2.03	0.62
N	bed	blanket	pat	pătură	1	5	5	3.02	2.2	0.42	0.56	0.6	0.27	0.51	0.2	2.68	0.67	0.5	2.94	0.92
N	attorney	lawyer	avocat	jurist	1	4.52	4.7	9.35	5.42	6.67	0.48	0.49	0.66	0.71	0.2	2.68	0.77	1	3.64	1
N	area	zone	regiune	zonă	1	3.72	3.07	8.33	8.87	10	0.7	0.71	0.35	0.54	1	4	1	0.25	2.25	0.77
N	business	company	afacere	companie	1	3.28	4.11	9.02	5.43	4.58	0.48	0.53	0.51	0.55	0.33	3.42	0.93	0.25	2.25	0.77
N	sweater	jacket	pulover	jachetă	1	4.78	4.86	7.15	2.52	1.67	0.71	0.77	0.54	0.64	0.14	2.19	0.71	0.2	2.03	0.82
N	money	capital	bani	capital	1	4.54	4.1	6.67	6.67	7.08	0.3	0.33	0.36	0.37	0.25	3	0.83	0.17	1.85	0.62
N	alcohol	cocktail	alcool	cocktail	1	4.76	4.4	6.73	3.87	2.08	0.29	0.38	0.43	0.48	0.25	3	0.83	0.33	2.54	0.9
N	yard	inch	yard	inch	1	4.82	4.37	3.78	3.05	1.67	0.28	0.34	0.25	0.24	0.25	3	0.86	0.33	2.54	0.86
N	molecule	atom	moleculă	atom	1	3.27	3.34	6.45	4.33	4.58	0.67	0.7	0.46	0.63	0.11	1.83	0.25	1	3.64	1
N	meal	dinner	masă	cină	1	4.62	4.5	7.15	4.53	4.58	0.49	0.55	0.43	0.68	0.33	3.42	0.91	0.5	2.94	0.93
N	eye	tear	ochi	lacrimă	1	4.9	4.56	3.55	2.55	1.25	0.55	0.6	0.38	0.54	0.08	1.3	0.27	0.14	1.69	0.57
N	god	devil	dumnezeu	diavol	1	2.07	3.41	1.8	0.7	0.83	0.63	0.65	0.46	0.82	0.2	2.68	0.82	0.33	2.54	0.88
N	loop	belt	laț	sfoară	1	4.26	4.9	3.1	3.9	2.92	0.47	0.57	0.44	0.77	0.17	2.42	0.67	0.5	2.94	0.95
N	rat	mouse	șobolan	șoarece	1	4.85	4.83	7.78	4.87	4.17	0.73	0.78	0.48	0.82	0.25	3	0.91	0.33	2.54	0.92
N	car	cab	mașină	taxi	1	4.89	4.88	7.42	4.62	3.75	0.29	0.41	0.28	0.48	0.33	3.42	0.95	0.5	2.94	0.96
N	cat	lion	pisică	leu	1	4.86	4.96	6.75	1.95	0.83	0.35	0.39	0.3	0.36	0.33	3.42	0.96	0.5	2.94	0.97
N	size	magnitude	mărime	magnitudine	1	3.13	2.43	6.33	4.9	6.67	0.43	0.47	0.26	0.43	0.33	3.42	0.91	0.5	2.94	0.91
N	reality	fantasy	realitate	fantezie	1	1.72	1.59	1.03	0.5	0.42	0.49	0.49	0.53	0.52	0.14	2.19	0.67	0.17	1.85	0.67
N	door	gate	ușă	poartă	1	4.81	4.96	5.25	5.38	4.58	0.38	0.43	0.22	0.59	1	4	1	0.33	2.54	0.9
N	bone	jaw	os	maxilar	1	4.9	4.87	4.17	3.08	1.67	0.43	0.52	0.28	0.49	0.33	3.42	0.93	0.5	2.94	0.95
N	cereal	wheat	cereală	grâu	1	4.83	4.89	3.75	4.82	2.92	0.6	0.66	0.38	0.75	0.33	3.42	0.91	0.5	2.94	0.96
N	house	key	casă	cheie	1	5	4.89	1.9	2.17	0.83	0.22	0.26	0.05	0.33	0.12	2	0.57	0.14	1.69	0.62
N	blood	flesh	sânge	carne	1	4.86	4.59	4.28	1.82	0.42	0.44	0.45	0.23	0.37	0.11	1.83	0.22	0.1	1.34	0.47
N	door	corridor	ușă	coridor	1	4.81	4.72	3.73	1.25	0.83	0.63	0.69	0.17	0.55	0.14	2.19	0.62	0.14	1.69	0.67
N	god	spirit	dumnezeu	duh	1	2.07	1.6	7.3	4.87	3.75	0.63	0.7	0.31	0.81	0.17	2.42	0.78	0.33	2.54	0.88
N	capability	competence	capacitate	competență	1	1.93	1.78	7.62	8.02	7.92	0.32	0.32	0.28	0.33	0.2	2.68	0.77	0.33	2.54	0.83
N	abundance	plenty	abundență	belșug	1	2.21	2.39	8.97	9.4	9.58	0.58	0.62	0.43	0.83	1	4	1	0.5	2.94	0.94
N	sofa	chair	canapea	scaun	1	4.9	4.58	6.67	3.2	2.5	0.64	0.69	0.5	0.53	0.33	3.42	0.93	0.33	2.54	0.9
N	wall	brick	zid	cărămidă	1	4.86	4.83	4.68	2.95	1.67	0.61	0.64	0.35	0.66	0.14	2.19	0.5	0.2	2.03	0.71
N	horn	drum	corn	tobă	1	5	4.96	2.68	1.32	0.42	0.35	0.41	0.19	0.4	0.14	2.19	0.67	0.2	2.03	0.78
N	organ	liver	organ	ficat	1	4.77	4.68	6.15	3.47	1.67	0.25	0.23	0.36	0.44	0.25	3	0.8	0.33	2.54	0.86
N	strength	might	tărie	putere	1	2.96	2.32	7.07	7.98	8.75	0.43	0.4	0.23	0.49	1	4	1	0.5	2.94	0.91
N	phrase	word	sintagmă	cuvânt	1	2.86	3.56	5.48	3.77	3.33	0.41	0.46	0.26	0.53	0.25	3	0.83	0.25	2.25	0.77
N	band	parade	trupă	paradă	1	4.68	4.54	3.92	3.12	3.33	0.45	0.44	0.23	0.6	0.12	2	0.43	0.17	1.85	0.62
N	stomach	waist	stomac	talie	1	4.89	4.72	5.9	1.8	0.83	0.24	0.27	0.19	0.24	0.14	2.19	0.55	0.25	2.25	0.77
N	cloud	storm	nor	furtună	1	4.54	4.7	5.6	2.27	0.42	0.52	0.55	0.39	0.6	0.25	3	0.83	0.33	2.54	0.88
N	joy	pride	bucurie	mândrie	1	2.37	1.66	5	2.67	0.42	0.61	0.68	0.47	0.63	0.2	2.68	0.77	0.25	2.25	0.77
N	noise	rattle	zgomot	tărăboi	1	3.52	4.07	6.17	7.63	8.33	0.43	0.48	0.29	0.39	1	4	1	0.5	2.94	0.93
N	rain	mist	ploaie	ceață	1	4.97	4.51	5.97	1.7	2.08	0.6	0.66	0.21	0.61	0.11	1.83	0.53	0.11	1.44	0.6
N	beer	beverage	bere	băutură	1	4.88	4.6	5.42	4	2.5	0.65	0.67	0.48	0.66	0.2	2.68	0.73	0.25	2.25	0.84
N	man	uncle	bărbat	unchi	1	4.79	4.24	3.92	2.98	0.83	0.48	0.54	0.19	0.42	0.17	2.42	0.75	0.2	2.03	0.67
N	apple	juice	măr	suc	1	5	4.89	2.88	1.92	0.83	0.46	0.49	0.2	0.52	0.11	1.83	0.18	0.1	1.34	0.4
N	intelligence	logic	inteligență	logică	1	2.24	1.72	6.5	4.4	4.58	0.51	0.53	0.34	0.68	0.12	2	0.62	0.17	1.85	0.67
N	communication	language	comunicare	limbă	1	2.9	2.35	7.47	4.58	2.92	0.33	0.36	0.34	0.42	0.25	3	0.75	0.5	2.94	0.86
N	mink	fur	nurcă	blană	1	4.58	4.69	6.83	3.2	2.08	0.59	0.63	0.53	0.85	0.14	2.19	0.71	0.5	2.94	0.95
N	mob	crowd	gloată	mulțime	1	3.88	4.52	7.85	8.68	9.58	0.55	0.57	0.28	0.63	1	4	1	0.5	2.94	0.92
N	shore	coast	țărm	coastă	1	4.79	4.21	8.83	6.13	9.58	0.54	0.6	0.38	0.77	1	4	1	0.5	2.94	0.91
N	wire	cord	sârmă	cablu	1	4.72	4.63	7.62	4	7.5	0.36	0.36	0.16	0.4	0.11	1.83	0.53	0.33	2.54	0.89
N	bird	turkey	pasăre	curcan	1	5	4.89	6.58	3.77	2.08	0.55	0.6	0.33	0.54	0.25	3	0.84	0.33	2.54	0.88
N	bed	crib	pat	pătuț	1	5	4.86	7.3	6.13	6.67	0.55	0.62	0.37	0.61	0.17	2.42	0.75	0.2	2.03	0.8
N	competence	ability	competență	abilitate	1	1.78	1.81	7.5	9.12	9.17	0.4	0.45	0.41	0.5	0.33	3.42	0.91	0.5	2.94	0.91
N	cloud	haze	nor	pâclă	1	4.54	4.04	7.32	3.2	3.75	0.57	0.57	0.37	0.64	0.17	2.42	0.71	0.33	2.54	0.88
N	supper	meal	cină	masă	1	4.63	4.62	7.53	4.85	5.42	0.49	0.55	0.43	0.68	0.33	3.42	0.91	0.5	2.94	0.93
N	bar	cage	gratie	cușcă	1	4.67	5	2.8	4.03	2.92	0.2	0.28	0.03	0.11	0.14	2.19	0.62	0.2	2.03	0.78
N	water	salt	apă	sare	1	5	4.89	1.3	0.88	0	0.51	0.6	0.26	0.51	0.25	3	0.86	0.25	2.25	0.84
N	sense	intuition	simț	intuiție	1	2.61	1.67	7.68	7.33	7.92	0.56	0.58	0.34	0.71	0.33	3.42	0.93	0.14	1.69	0.62
N	situation	condition	situație	condiție	1	2.03	2.15	6.58	5.38	5.83	0.42	0.44	0.39	0.76	0.33	3.42	0.92	0.5	2.94	0.91
N	crime	theft	infracțiune	furt	1	3.03	2.93	7.53	5.63	3.33	0.46	0.48	0.43	0.62	0.25	3	0.9	0.33	2.54	0.9
N	style	fashion	stil	modă	1	2.67	3.43	8.5	6.23	7.08	0.47	0.47	0.26	0.38	0.09	1.54	0.31	1	3.64	1
N	boundary	border	limită	frontieră	1	3.04	4.29	9.08	7.1	8.75	0.2	0.21	0.29	0.47	1	4	1	0.5	2.94	0.93
N	arm	body	braț	corp	1	4.96	4.79	4.05	2.77	1.25	0.35	0.37	0.13	0.39	0.2	2.68	0.73	0.25	2.25	0.8
N	boat	car	barcă	mașină	1	4.93	4.89	2.37	1.32	0.83	0.48	0.56	0.26	0.68	0.12	2	0.67	0.2	2.03	0.78
N	sandwich	lunch	sandviș	prânz	1	4.9	4.31	6.3	2.05	1.25	0.56	0.62	0.37	0.64	0.14	2.19	0.62	0.17	1.85	0.71
N	bride	princess	mireasă	prințesă	1	4.63	4.72	2.8	1.92	1.67	0.6	0.69	0.38	0.57	0.11	1.83	0.59	0.12	1.56	0.57
N	heroine	hero	eroină	erou	1	4.21	3.07	8.78	4.58	6.67	0.6	0.66	0.4	0.54	0.14	2.19	0.67	0.33	2.54	0.92
N	insect	bee	insectă	albină	1	4.89	4.88	6.07	4.12	2.08	0.55	0.64	0.46	0.77	0.25	3	0.89	0.33	2.54	0.91
N	crib	cradle	pătuț	balansoar	1	4.86	4.93	8.55	2.45	0.83	0.55	0.59	0.33	0.58	0.14	2.19	0.71	0.33	2.54	0.9
N	animal	person	animal	persoană	1	4.61	4.72	3.05	0.95	0	0.26	0.27	0.32	0.35	0.25	3	0.8	0.33	2.54	0.86
N	marijuana	herb	marijuana	iarbă	1	4.89	4.57	6.5	7.2	7.5	0.32	0.43	0.31	0.34	0.33	3.42	0.92	0.17	1.85	0.76
N	bed	hospital	pat	spital	1	5	4.64	0.92	1.73	1.25	0.47	0.46	0.47	0.43	0.12	2	0.53	0.17	1.85	0.67
N	cheek	tongue	obraz	limbă	1	4.83	4.93	4.52	1.45	0.83	0.25	0.24	0.23	0.22	0.17	2.42	0.6	0.25	2.25	0.77
N	curve	angle	curbă	unghi	1	4.41	3.5	3.33	2.02	0.42	0.47	0.51	0.38	0.59	0.17	2.42	0.67	0.17	1.85	0.62
N	grass	moss	iarbă	mușchi	1	4.93	4.9	5	2.3	0.83	0.4	0.49	0.28	0.61	0.17	2.42	0.75	0.12	1.56	0.63
N	school	law	școală	lege	1	4.79	2.57	1.13	1.42	0	0.18	0.19	0.01	0.16	0.14	2.19	0.67	0.17	1.85	0.67
N	orthodontist	dentist	ortodont	dentist	1	4.43	4.93	8.27	6.57	7.92	0.4	0.38	0.64	0.77	0.33	3.42	0.95	0.5	2.94	0.96
N	alcohol	whiskey	alcool	whiskey	1	4.76	4.74	7.27	4.82	2.5	0.41	0.43	0.47	0.58	0.25	3	0.83	0.33	2.54	0.9
N	mouth	tooth	gură	dinte	1	4.74	4.89	6.3	2.92	1.25	0.37	0.45	0.16	0.4	0.14	2.19	0.55	0.2	2.03	0.75
N	bathroom	bedroom	baie	dormitor	1	4.52	4.9	3.4	1.1	1.25	0.67	0.7	0.52	0.73	0.25	3	0.86	0.33	2.54	0.89
N	plate	bowl	farfurie	castron	1	4.77	4.87	5.23	2.95	3.33	0.76	0.77	0.49	0.73	0.14	2.19	0.71	0.33	2.54	0.83
N	meat	bacon	carne	șuncă	1	4.9	4.9	5.8	4.47	2.92	0.59	0.65	0.38	0.62	0.2	2.68	0.73	0.25	2.25	0.8
N	air	helium	aer	heliu	1	4.11	3.96	3.63	2.9	1.25	0.52	0.54	0.32	0.46	0.2	2.68	0.5	0.25	2.25	0.77
N	worker	employer	muncitor	angajator	1	4.59	3.81	5.37	1.7	0.42	0.27	0.3	0.42	0.53	0.2	2.68	0.77	0.25	2.25	0.71
N	body	chest	corp	piept	1	4.79	4.93	4.45	2.17	0.83	0.33	0.4	0.32	0.31	0.25	3	0.75	0.33	2.54	0.83
N	son	father	fiu	tată	1	4.14	4.52	3.82	1.85	0.42	0.59	0.67	0.35	0.56	0.14	2.19	0.63	0.33	2.54	0.91
N	heart	surgery	inimă	chirurgie	1	4.52	4.34	1.08	1.95	0.42	0.22	0.23	0.21	0.33	0.08	1.3	0.48	0.11	1.44	0.56
N	woman	secretary	femeie	secretară	1	4.46	4.54	1.98	2.17	0.42	0.44	0.51	0.33	0.45	0.17	2.42	0.71	0.17	1.85	0.63
N	man	father	bărbat	tată	1	4.79	4.52	4.83	3.77	3.33	0.56	0.61	0.28	0.72	0.14	2.19	0.63	0.25	2.25	0.71
N	beach	island	plajă	insulă	1	4.79	4.96	5.6	3.05	0.83	0.53	0.55	0.42	0.66	0.17	2.42	0.33	0.2	2.03	0.6
N	story	topic	poveste	subiect	1	3.3	2.59	5	2.98	2.5	0.33	0.37	0.34	0.27	0.33	3.42	0.94	0.33	2.54	0.8
N	game	fun	joc	distracție	1	4.5	1.97	3.42	5.07	4.58	0.44	0.47	0.3	0.35	0.33	3.42	0.93	0.33	2.54	0.88
N	weekend	week	weekend	săptămână	1	3.83	3.48	4	2.37	0.83	0.46	0.52	0.29	0.42	0.25	3	0.83	0.33	2.54	0.83
N	couple	pair	cuplu	pereche	1	3.93	3.88	8.33	8.93	9.58	0.42	0.45	0.38	0.37	1	4	1	1	3.64	1
N	woman	wife	femeie	soție	1	4.46	4.13	5.72	4.9	6.25	0.51	0.57	0.27	0.56	0.33	3.42	0.93	0.5	2.94	0.95
N	sheep	cattle	oaie	cireadă	1	4.9	4.64	4.77	1.82	0.83	0.44	0.5	0.44	0.57	0.2	2.68	0.9	0.25	2.25	0.91
N	purse	bag	poșetă	geantă	1	4.9	4.9	8.33	8.18	8.33	0.73	0.77	0.59	0.8	1	4	1	1	3.64	1
N	ceiling	cathedral	tavan	catedrală	1	4.85	4.86	2.42	0.92	0.42	0.34	0.42	0.21	0.4	0.09	1.54	0.4	0.1	1.34	0.53
N	bean	coffee	bob	cafea	1	5	4.81	5.15	2.38	0.42	0.26	0.3	0.26	0.22	0.2	2.68	0.84	0.33	2.54	0.91
N	wood	paper	lemn	hârtie	1	4.85	4.93	2.88	1.95	2.08	0.36	0.35	0.22	0.42	0.2	2.68	0.67	0.25	2.25	0.8
N	crime	fraud	infracțiune	fraudă	1	3.03	1.68	5.65	7.38	7.5	0.38	0.4	0.39	0.72	0.33	3.42	0.95	0.5	2.94	0.95
N	pain	harm	durere	daună	1	3.5	2.62	5.38	2.42	2.08	0.23	0.25	0.22	0.28	0.11	1.83	0.59	0.12	1.56	0.53
N	lover	companion	iubit	companion	1	3.68	3.75	5.97	4.4	4.58	0.38	0.41	0.27	0.31	0.2	2.68	0.77	0.25	2.25	0.71
N	evening	dusk	seară	amurg	1	3.26	4.24	7.78	6.82	7.92	0.51	0.54	0.36	0.35	0.07	1.19	0.25	0.08	1.07	0.25
N	father	daughter	tată	fiică	1	4.52	4.79	2.62	1.7	0.83	0.58	0.64	0.51	0.75	0.11	1.83	0.57	0.17	1.85	0.63
N	wine	liquor	vin	lichior	1	4.79	4.73	7.85	1.98	1.25	0.49	0.55	0.38	0.51	0.25	3	0.83	0.33	2.54	0.9
N	cow	goat	vacă	capră	1	4.96	5	2.93	1.38	0.83	0.62	0.66	0.53	0.87	0.17	2.42	0.87	0.2	2.03	0.88
N	belief	opinion	credință	opinie	1	1.19	1.93	7.7	3.52	5	0.36	0.36	0.22	0.44	1	4	1	1	3.64	1
N	reality	illusion	realitate	iluzie	1	1.72	2.48	1.42	0.25	0.42	0.63	0.69	0.63	0.81	0.14	2.19	0.67	0.17	1.85	0.67
N	pact	agreement	pact	înțelegere	1	2.52	2.22	9.02	8.55	9.17	0.44	0.46	0.4	0.51	1	4	1	0.33	2.54	0.86
N	wealth	poverty	bunăstare	sărăcie	1	2.63	2.54	1.27	0.15	0.42	0.46	0.46	0.44	0.78	0.25	3	0.86	0.33	2.54	0.86
N	accident	emergency	accident	urgență	1	3.26	2.41	4.93	2.95	2.08	0.22	0.27	0.22	0.35	0.17	2.42	0.71	0.2	2.03	0.71
N	battle	conquest	bătălie	cucerire	1	4	2.54	7.22	3.4	3.33	0.56	0.59	0.23	0.66	0.12	2	0.62	0.17	1.85	0.67
N	friend	teacher	prieten	profesor	1	3.07	4.52	2.62	1.23	0	0.39	0.43	0.48	0.43	0.14	2.19	0.67	0.17	1.85	0.63
N	illness	infection	boală	infecție	1	3.54	4.1	6.9	4.87	5.83	0.51	0.57	0.46	0.82	0.2	2.68	0.84	0.33	2.54	0.89
N	game	trick	joc	șmecherie	1	4.5	3.36	2.32	1.92	3.33	0.34	0.38	0.2	0.19	0.2	2.68	0.8	0.33	2.54	0.88
N	brother	son	frate	fiu	1	4.43	4.14	3.48	1.48	0.42	0.57	0.65	0.45	0.68	0.2	2.68	0.8	0.17	1.85	0.63
N	aunt	nephew	mătușă	nepot	1	4.17	4.48	3.1	1.85	1.25	0.58	0.65	0.22	0.56	0.17	2.42	0.75	0.2	2.03	0.6
N	worker	mechanic	muncitor	mecanic	1	4.59	4.38	4.92	3.05	1.67	0.45	0.46	0.48	0.66	0.2	2.68	0.8	0.25	2.25	0.63
N	doctor	orthodontist	doctor	ortodont	1	4.69	4.43	5.58	4.62	5.42	0.2	0.2	0.48	0.59	0.25	3	0.9	0.25	2.25	0.88
N	oak	maple	stejar	arțar	1	4.82	4.46	6.03	2.73	0.83	0.53	0.56	0.42	0.65	0.25	3	0.84	0.33	2.54	0.89
N	bee	queen	albină	matcă	1	4.88	4.45	3.27	4.53	2.92	0.42	0.46	0.33	0.71	0.2	2.68	0.84	0.25	2.25	0.87
N	car	bicycle	mașină	bicicletă	1	4.89	4.89	3.47	1.17	0.42	0.62	0.69	0.28	0.73	0.2	2.68	0.82	0.33	2.54	0.8
N	goal	quest	scop	căutare	1	3.06	2.87	5.83	3.2	3.33	0.18	0.21	0.17	0.26	0.12	2	0.57	0.14	1.69	0.57
N	august	month	august	lună	1	3.04	4.2	5.53	3.08	0.83	0.28	0.29	0.25	0.39	0.25	3	0.86	0.33	2.54	0.86
N	army	squad	armată	pluton	1	4.7	3.65	5.08	4.93	3.33	0.48	0.54	0.33	0.58	0.25	3	0.88	0.2	2.03	0.75
N	cloud	weather	nor	vreme	1	4.54	3.83	4.87	2.3	0.42	0.32	0.32	0.14	0.36	0.25	3	0.83	0.33	2.54	0.88
N	physician	doctor	medic	doctor	1	4.65	4.69	8.88	9.25	10	0.5	0.47	0.67	0.76	1	4	1	1	3.64	1
N	canyon	valley	canion	vale	1	4.81	4.72	6.75	5.97	7.5	0.54	0.56	0.44	0.49	0.25	3	0.8	0.33	2.54	0.86
N	sun	sky	soare	cer	1	4.83	4.45	2.27	2.48	1.67	0.49	0.54	0.38	0.44	0.11	1.92	0.25	0.09	1.24	0.29
N	target	arrow	țintă	săgeată	1	4.11	4.97	3.25	2.62	1.67	0.35	0.41	0.37	0.63	0.12	2	0.56	0.12	1.56	0.6
N	chocolate	pie	ciocolată	plăcintă	1	4.72	4.92	2.27	1.17	0	0.6	0.64	0.21	0.75	0.17	2.42	0.6	0.2	2.03	0.71
N	circumstance	situation	circumstanță	situație	1	1.77	2.03	7.85	8.37	9.58	0.36	0.34	0.37	0.76	0.33	3.42	0.92	0.33	2.54	0.83
N	opinion	choice	opinie	alegere	1	1.93	1.9	5.43	4.25	1.67	0.26	0.27	0.38	0.4	0.11	1.83	0.53	0.14	1.69	0.62
N	rhythm	melody	ritm	melodie	1	3.07	3.71	6.12	3.68	3.75	0.37	0.38	0.32	0.36	0.2	2.68	0.73	0.12	1.56	0.46
N	gut	nerve	curaj	tupeu	1	4.15	3.89	4.93	6.53	8.33	0.55	0.57	0.49	0.68	0.2	2.68	0.77	0.11	1.44	0.56
N	day	dawn	zi	zori	1	3.92	4.46	5.47	4.37	3.33	0.42	0.49	0.23	0.58	0.25	3	0.83	0.33	2.54	0.83
N	cattle	beef	cireadă	vită	1	4.64	4.74	7.03	3.3	2.08	0.31	0.35	0.32	0.6	0.33	3.42	0.97	0.5	2.94	0.97
N	doctor	professor	doctor	profesor	1	4.69	4.86	4.65	2.55	1.25	0.65	0.65	0.66	0.7	0.17	2.42	0.78	0.14	1.69	0.55
N	arm	vein	braț	venă	1	4.96	4.63	3.65	1.95	1.25	0.34	0.4	0.22	0.55	0.09	1.54	0.4	0.12	1.56	0.59
N	room	bath	cameră	baie	1	4.79	4.85	3.33	1.95	0.83	0.47	0.52	0.39	0.46	0.25	3	0.86	0.5	2.94	0.94
N	corporation	business	corporație	afacere	1	2.79	3.28	9.02	4.57	4.17	0.58	0.61	0.38	0.41	0.25	3	0.88	0.33	2.54	0.88
N	fun	football	distracție	fotbal	1	1.97	4.73	1.97	2.02	0.42	0.33	0.38	0.23	0.41	0.17	2.42	0.7	0.2	2.03	0.78
N	hill	cliff	deal	stâncă	1	4.93	4.71	4.28	1.32	0.83	0.54	0.6	0.22	0.59	0.2	2.68	0.57	0.25	2.25	0.73
N	bone	ankle	os	gleznă	1	4.9	4.81	3.82	2.05	1.67	0.32	0.39	0.16	0.35	0.12	2	0.5	0.11	1.44	0.56
N	apple	candy	măr	bomboană	1	5	4.83	2.08	0.38	0	0.47	0.55	0.27	0.68	0.08	1.3	0.15	0.08	1.15	0.35
N	helper	maid	ajutor	slujnică	1	3.39	4.64	5.58	4	5	0.19	0.2	0.1	0.23	0.17	2.42	0.75	0.2	2.03	0.6
N	leader	manager	conducător	manager	1	3.89	4.14	7.27	6.28	7.92	0.38	0.43	0.28	0.37	0.25	3	0.88	0.33	2.54	0.67
N	lemon	tea	lămâie	ceai	1	5	4.69	1.6	1.92	0.42	0.63	0.71	0.26	0.68	0.09	1.54	0.27	0.12	1.56	0.72
N	bee	ant	albină	furnică	1	4.88	4.86	2.78	1.53	1.25	0.55	0.59	0.43	0.73	0.25	3	0.9	0.33	2.54	0.92
N	basketball	baseball	baschet	baseball	1	4.97	4.86	4.92	2.05	0.83	0.6	0.65	0.59	0.75	0.17	2.42	0.14	0.33	2.54	0.9
N	rice	bean	orez	fasole	1	4.86	5	2.72	1.23	0.83	0.66	0.72	0.52	0.88	0.12	2	0.7	0.14	1.69	0.75
N	bed	furniture	pat	mobilă	1	5	4.89	6.08	2.73	1.67	0.3	0.34	0.29	0.32	0.25	3	0.86	0.33	2.54	0.89
N	emotion	passion	emoție	pasiune	1	2.44	2.3	7.72	4.93	4.17	0.57	0.59	0.32	0.51	0.25	3	0.86	0.33	2.54	0.83
N	anarchy	chaos	anarhie	haos	1	2.12	2.79	7.93	6.53	9.58	0.63	0.68	0.59	0.77	0.2	2.68	0.77	0.25	2.25	0.77
N	crime	violation	infracțiune	violare	1	3.03	2.67	7.12	5.75	8.33	0.44	0.44	0.41	0.71	0.2	2.68	0.82	0.5	2.94	0.95
N	machine	engine	mașină	motor	1	4.25	4.86	5.58	2.92	2.5	0.43	0.44	0.16	0.38	0.33	3.42	0.92	0.33	2.54	0.89
N	beach	sea	plajă	mare	1	4.79	4.79	4.68	4.18	2.08	0.16	0.24	0.24	0.26	0.14	2.19	0.29	0.14	1.69	0.4
N	alley	bowl	culoar	bilă	1	4.82	4.87	1.53	0.78	0	0.25	0.3	0	0.27	0.14	2.19	0.55	0.14	1.69	0.62
N	jar	bottle	borcan	sticlă	1	5	4.91	7.83	2.58	1.67	0.49	0.57	0.43	0.5	0.25	3	0.86	0.33	2.54	0.89
N	strength	capability	tărie	capacitate	1	2.96	1.93	5.28	3.52	5	0.3	0.26	0.14	0.27	0.14	2.19	0.62	0.5	2.94	0.92
N	seed	mustard	sămânță	muștar	1	4.71	4.93	3.48	1.13	0.83	0.4	0.5	0.31	0.65	0.12	2	0.24	0.1	1.34	0.57
N	guitar	drum	chitară	tobă	1	4.9	4.96	3.78	1.53	0.83	0.44	0.48	0.32	0.62	0.17	2.42	0.75	0.2	2.03	0.8
N	opinion	idea	opinie	idee	1	1.93	1.61	5.7	5.7	5.83	0.44	0.45	0.41	0.53	1	4	1	0.5	2.94	0.93
N	north	west	nord	vest	1	4.14	3.44	3.63	1.17	1.25	0.77	0.79	0.9	0.86	0.25	3	0.88	0.33	2.54	0.88
N	diet	salad	dietă	salată	1	3.21	4.97	2.98	2.3	0.42	0.35	0.41	0.28	0.65	0.14	2.19	0.55	0.17	1.85	0.67
N	mother	wife	mamă	soție	1	4.6	4.13	3.02	3.52	1.67	0.53	0.6	0.39	0.66	0.14	2.19	0.53	0.25	2.25	0.57
N	dad	mother	tată	mamă	1	4.29	4.6	3.55	2.67	2.08	0.67	0.73	0.59	0.89	0.25	3	0.91	0.25	2.25	0.89
N	captain	sailor	căpitan	marinar	1	4.19	4.86	5	3.8	1.67	0.55	0.62	0.41	0.57	0.25	3	0.9	0.25	2.25	0.87
N	meter	yard	metru	yard	1	4.7	4.82	5.6	3.9	1.67	0.27	0.33	0.4	0.19	0.2	2.68	0.8	0.25	2.25	0.8
N	beer	champagne	bere	șampanie	1	4.88	4.82	4.45	1.73	0.83	0.56	0.6	0.48	0.59	0.17	2.42	0.71	0.17	1.85	0.78
N	motor	boat	motor	barcă	1	4.84	4.93	2.57	2.27	2.08	0.39	0.45	0.35	0.33	0.1	1.68	0.5	0.14	1.69	0.67
N	science	psychology	știință	psihologie	1	2.79	2.31	4.92	3.2	0.83	0.55	0.55	0.22	0.45	0.33	3.42	0.94	0.5	2.94	0.94
N	sinner	saint	păcătos	sfânt	1	3.07	3.45	1.6	0.15	0.42	0.52	0.56	0.41	0.63	0.14	2.19	0.67	0.17	1.85	0.63
N	destruction	construction	distrugere	construcție	1	3.21	3.72	0.98	0.22	0.42	0.25	0.25	0.22	0.35	0.1	1.68	0.56	0.11	1.44	0.53
N	crowd	bunch	mulțime	gașcă	1	4.52	3.5	7.42	5.67	6.67	0.45	0.52	0.4	0.7	0.25	3	0.83	1	3.64	1
N	beach	reef	plajă	recif	1	4.79	4.7	3.77	1.52	0.42	0.38	0.45	0.32	0.54	0.17	2.42	0.5	0.2	2.03	0.67
N	man	child	bărbat	copil	1	4.79	4.78	4.13	0.92	0.42	0.52	0.55	0.4	0.5	0.25	3	0.83	0.33	2.54	0.75
N	bread	cheese	pâine	brânză	1	4.92	4.7	1.95	0.92	0	0.6	0.69	0.42	0.82	0.2	2.68	0.18	0.25	2.25	0.75
N	champion	winner	campion	câștigător	1	3.82	3.21	8.73	8.75	8.75	0.46	0.51	0.25	0.66	0.2	2.68	0.8	0.25	2.25	0.71
N	celebration	ceremony	sărbătorire	ceremonie	1	3.47	3.57	7.72	7.2	8.75	0.54	0.59	0.46	0.64	0.25	3	0.86	0.33	2.54	0.86
N	king	princess	rege	prințesă	1	4.1	4.72	3.27	2.27	1.25	0.59	0.61	0.29	0.64	0.14	2.19	0.67	0.17	1.85	0.6
N	wealth	prestige	bunăstare	prestigiu	1	2.63	1.61	6.07	2.9	2.08	0.33	0.38	0.25	0.33	0.14	2.19	0.62	0.14	1.69	0.57
N	endurance	strength	rezistență	tărie	1	2	2.96	6.58	7.45	8.33	0.33	0.29	0.26	0.49	0.25	3	0.83	0.5	2.94	0.91
N	danger	threat	pericol	amenințare	1	2.68	2.52	8.78	8.15	10	0.54	0.57	0.5	0.45	1	4	1	0.5	2.94	0.89
N	god	priest	dumnezeu	preot	1	2.07	4.77	4.5	1.8	0.83	0.46	0.53	0.37	0.56	0.11	1.83	0.11	0.2	2.03	0.6
N	buddy	companion	tovarăș	companion	1	3.48	3.75	8.65	6.35	9.58	0.45	0.46	0.31	0.5	1	4	1	0.33	2.54	0.67
N	teacher	helper	profesor	ajutor	1	4.52	3.39	4.28	2.63	1.67	0.21	0.22	0.29	0.24	0.12	2	0.62	0.14	1.69	0.6
N	body	stomach	corp	stomac	1	4.79	4.89	3.93	1.88	0.83	0.35	0.39	0.36	0.39	0.17	2.42	0.6	0.33	2.54	0.83
N	tongue	throat	limbă	gâtlej	1	4.93	4.97	3.1	1.8	0.83	0.25	0.32	0.23	0.39	0.12	2	0.5	0.2	2.03	0.71
N	house	carpet	casă	covor	1	5	4.96	1.38	1.03	0	0.3	0.37	0.09	0.36	0.14	2.19	0.5	0.14	1.69	0.62
N	intelligence	skill	inteligență	abilitate	1	2.24	2.17	5.35	5.1	6.67	0.35	0.32	0.41	0.45	0.11	1.83	0.36	0.33	2.54	0.83
N	journey	conquest	călătorie	cucerire	1	2.57	2.54	4.72	1.1	2.08	0.29	0.37	0.28	0.39	0.11	1.83	0.63	0.11	1.44	0.6
N	god	prey	zeu	pradă	1	2.07	3.61	1.23	0.25	0	0.37	0.38	0.13	0.33	0.09	1.54	0.31	0.14	1.69	0.67
N	brother	soul	frate	suflet	1	4.43	1.86	0.97	1.32	0	0.46	0.5	0.38	0.46	0.12	2	0.25	0.33	2.54	0.75
N	adversary	opponent	adversar	oponent	1	2.93	3.52	9.05	9	10	0.63	0.68	0.61	0.86	0.2	2.68	0.77	1	3.64	0.75
N	death	catastrophe	moarte	catastrofă	1	3.73	2.96	4.13	3.77	4.17	0.38	0.42	0.32	0.44	0.17	2.42	0.67	0.2	2.03	0.71
N	monster	demon	monstru	demon	1	3.72	3.32	6.95	6.03	6.67	0.63	0.68	0.43	0.61	0.08	1.3	0.42	1	3.64	1
N	day	morning	zi	dimineață	1	3.92	3.44	4.87	3.47	2.92	0.55	0.59	0.35	0.5	0.25	3	0.83	0.33	2.54	0.83
N	man	victor	bărbat	învingător	1	4.79	2.88	1.9	1	0	0.45	0.43	0.21	0.49	0.25	3	0.83	0.25	2.25	0.71
N	friend	guy	prieten	tip	1	3.07	4.68	3.88	2.38	3.33	0.15	0.16	0.23	0.31	0.25	3	0.88	0.2	2.03	0.67
N	song	story	cântec	poveste	1	4.46	3.3	3.97	1.23	0	0.53	0.54	0.28	0.41	0.12	2	0.57	0.17	1.85	0.55
N	guy	stud	tip	mascul	1	4.68	4	5.83	4.93	5.42	0.24	0.29	0.24	0.17	0.17	2.42	0.67	0.33	2.54	0.9
N	chicken	rice	pui	orez	1	4.8	4.86	1.43	0.75	0	0.38	0.43	0.36	0.67	0.09	1.54	0.47	0.14	1.69	0.6
N	box	elevator	cutie	lift	1	4.9	4.79	1.32	0.85	0	0.37	0.46	0.2	0.33	0.14	2.19	0.62	0.17	1.85	0.71
N	apartment	furniture	apartament	mobilă	1	4.9	4.89	1.28	1.63	0.42	0.32	0.37	0.25	0.25	0.12	2	0.5	0.14	1.69	0.62
N	lake	swamp	lac	mlaștină	1	4.88	4.96	4.92	3.08	2.5	0.57	0.61	0.2	0.56	0.14	2.28	0.33	0.12	1.56	0.36
N	salad	vinegar	salată	oțet	1	4.97	4.89	1.13	1.73	0.83	0.56	0.61	0.13	0.67	0.1	1.68	0.43	0.11	1.44	0.56
N	flower	bulb	floare	bulb	1	5	4.93	4.48	2.38	2.08	0.36	0.38	0.3	0.46	0.17	2.42	0.71	0.2	2.03	0.78
N	cloud	mist	nor	ceață	1	4.54	4.51	6.67	2.8	4.17	0.55	0.6	0.25	0.58	0.25	3	0.83	0.25	2.25	0.82
N	driver	pilot	șofer	pilot	1	4.71	4.67	6.28	4.15	5.83	0.31	0.36	0.3	0.52	0.33	3.42	0.86	0.2	2.03	0.61
N	sugar	honey	zahăr	miere	1	4.87	4.88	5.13	2.95	3.75	0.52	0.64	0.25	0.64	0.25	3	0.88	0.33	2.54	0.9
N	body	shoulder	corp	umăr	1	4.79	4.93	2.88	1.85	0.83	0.31	0.36	0.15	0.31	0.25	3	0.75	0.33	2.54	0.83
N	idea	image	idee	imagine	1	1.61	3.85	3.55	2.45	5	0.52	0.54	0.46	0.53	0.2	2.68	0.77	0.25	2.25	0.77
N	father	brother	tată	frate	1	4.52	4.43	4.2	1.52	0.83	0.76	0.8	0.33	0.67	0.17	2.42	0.67	0.2	2.03	0.67
N	moon	planet	lună	planetă	1	4.9	4.58	5.87	1.98	1.25	0.33	0.35	0.16	0.61	0.2	2.68	0.73	0.25	2.25	0.8
N	ball	costume	bal	costumație	1	5	4.57	2.32	2.38	0.42	0.46	0.53	0.23	0.53	0.07	1.19	0.12	0.14	1.69	0.62
N	rail	fence	bară	gard	1	4.9	4.82	5.22	1.63	1.25	0.39	0.43	0.17	0.28	0.2	2.68	0.8	0.33	2.54	0.89
N	room	bed	cameră	pat	1	4.79	5	2.35	1.92	0.83	0.41	0.46	0.39	0.54	0.12	2	0.53	0.2	2.03	0.71
N	flower	bush	floare	tufiș	1	5	4.9	4.25	1.32	0.83	0.48	0.55	0.23	0.44	0.08	1.3	0.14	0.17	1.85	0.76
N	bone	knee	os	genunchi	1	4.9	5	4.17	2.2	1.67	0.3	0.38	0.14	0.33	0.12	2	0.5	0.14	1.69	0.62
N	arm	knee	braț	genunchi	1	4.96	5	2.75	1.17	0.83	0.63	0.67	0.15	0.46	0.12	2	0.5	0.33	2.54	0.88
N	cat	rabbit	pisică	iepure	1	4.86	4.93	2.37	0.95	0.83	0.53	0.59	0.41	0.49	0.12	2	0.75	0.14	1.69	0.79
N	meat	sandwich	carne	sandviș	1	4.9	4.9	2.35	1.23	0.83	0.41	0.51	0.29	0.49	0.09	1.54	0.18	0.1	1.34	0.4
N	belief	concept	credință	concept	1	1.19	1.41	5.08	4.12	4.17	0.31	0.28	0.14	0.24	0.2	2.68	0.77	0.33	2.54	0.86
N	intelligence	insight	inteligență	intuiție	1	2.24	1.72	5.9	4.03	5.42	0.71	0.72	0.46	0.8	0.14	2.19	0.62	0.2	2.03	0.67
N	attention	interest	atenție	interes	1	2.3	1.8	7.22	6.32	7.5	0.33	0.32	0.32	0.32	1	4	1	0.2	2.03	0.75
N	attitude	confidence	atitudine	încredere	1	1.97	2.17	4.35	2.92	5.42	0.44	0.45	0.37	0.53	0.25	3	0.8	0.12	1.56	0.46
N	argument	agreement	ceartă	înțelegere	1	2.85	2.22	1.45	0.13	0.42	0.34	0.35	0.21	0.57	0.14	2.19	0.67	0.25	2.25	0.78
N	depth	magnitude	adâncime	magnitudine	1	3.11	2.43	6.12	2.87	2.08	0.46	0.51	0.31	0.58	0.25	3	0.83	0.33	2.54	0.83
N	winner	candidate	câștigător	candidat	1	3.21	3.81	2.78	1.73	0.83	0.44	0.46	0.19	0.46	0.25	3	0.83	0.33	2.54	0.75
N	fee	payment	taxă	plată	1	3.89	3.91	7.15	6.25	5.83	0.31	0.35	0.24	0.56	0.17	2.42	0.78	0.2	2.03	0.78
N	bible	hymn	biblie	imn	1	4.61	4.04	5.15	0.88	0.83	0.36	0.38	0.2	0.33	0.07	1.19	0.25	0.1	1.34	0.4
N	exit	doorway	ieșire	ușă	1	3.93	4.75	5.5	4.05	5.83	0.36	0.39	0.29	0.65	0.17	2.42	0.6	0.14	1.69	0.62
N	man	sentry	bărbat	santinelă	1	4.79	4.04	3.25	1.2	0.83	0.24	0.26	0.04	0.44	0.14	2.19	0.67	0.14	1.69	0.6
N	aisle	hall	culoar	sală	1	4.35	4.67	6.35	1.42	0	0.43	0.45	0.26	0.32	0.12	2	0.5	0.25	2.25	0.84
N	whiskey	gin	whiskey	gin	1	4.74	4.46	6.28	2.87	0.83	0.63	0.64	0.56	0.73	0.25	3	0.86	0.33	2.54	0.91
N	blood	marrow	sânge	măduvă	1	4.86	4.48	3.4	1.85	1.25	0.46	0.53	0.37	0.69	0.08	1.42	0.15	0.12	1.56	0.55
N	floor	deck	podea	punte	1	4.8	4.77	5.55	3.02	2.08	0.36	0.38	0.24	0.49	0.2	2.68	0.77	0.25	2.25	0.82
N	roof	floor	acoperiș	podea	1	4.79	4.8	2.62	0.47	0.83	0.5	0.56	0.25	0.51	0.2	2.68	0.67	0.33	2.54	0.92
N	door	floor	ușă	podea	1	4.81	4.8	1.67	0.67	0.83	0.59	0.64	0.21	0.58	0.17	2.42	0.6	0.33	2.54	0.89
N	shoulder	head	umăr	cap	1	4.93	4.75	3.42	0.97	1.25	0.33	0.36	0.23	0.6	0.2	2.68	0.67	0.25	2.25	0.77
N	car	carriage	mașină	trăsură	1	4.89	4.86	5.13	1.52	0.83	0.41	0.46	0.38	0.58	0.14	2.19	0.74	0.5	2.94	0.95
N	elbow	ankle	cot	gleznă	1	5	4.81	3.13	0.85	0.83	0.5	0.56	0.32	0.54	0.17	2.42	0.71	0.2	2.03	0.78
N	wealth	fame	bunăstare	faimă	1	2.63	1.96	4.02	2.17	2.5	0.32	0.35	0.32	0.66	0.12	2	0.57	0.12	1.56	0.53
N	sorrow	shame	necaz	rușine	1	2.36	2.24	4.77	2.33	2.92	0.59	0.63	0.17	0.43	0.33	3.42	0.92	0.25	2.25	0.77
N	communication	conversation	comunicare	conversație	1	2.9	3.28	8.02	7.23	6.25	0.42	0.44	0.43	0.46	0.2	2.68	0.67	0.25	2.25	0.67
N	pollution	atmosphere	poluare	atmosferă	1	3.75	3.04	4.25	2.08	0.83	0.34	0.42	0.33	0.35	0.2	2.68	0.77	0.25	2.25	0.77
N	anatomy	biology	anatomie	biologie	1	3.59	3.48	5.33	3.93	1.67	0.57	0.62	0.51	0.79	0.25	3	0.92	0.33	2.54	0.92
N	college	profession	colegiu	profesie	1	4.62	2.83	3.12	1.98	0	0.34	0.36	0.28	0.59	0.09	1.54	0.31	0.25	2.25	0.77
N	book	topic	carte	subiect	1	4.9	2.59	2.07	1.98	0.83	0.26	0.26	0.31	0.34	0.14	2.19	0.62	0.2	2.03	0.67
N	formula	equation	formulă	ecuație	1	4.11	3.65	7.95	5.03	5	0.57	0.58	0.35	0.68	0.25	3	0.86	0.33	2.54	0.86
N	book	information	carte	informație	1	4.9	2.87	5	3.87	4.58	0.38	0.37	0.27	0.41	0.14	2.19	0.55	0.33	2.54	0.83
N	boy	partner	băiat	partener	1	4.76	3.53	1.9	3.05	2.08	0.39	0.41	0.11	0.38	0.2	2.68	0.77	0.25	2.25	0.71
N	sky	universe	cer	univers	1	4.45	3.85	4.68	3.08	2.5	0.4	0.39	0.26	0.3	0.1	1.68	0.5	0.1	1.34	0.31
N	population	people	populație	oameni	1	3.64	4.82	7.68	6.63	8.33	0.36	0.36	0.28	0.3	1	4	1	0.5	2.94	0.89
N	college	class	colegiu	clasă	1	4.62	3.85	4.13	2.45	1.67	0.26	0.3	0.31	0.41	0.17	2.42	0.67	0.2	2.03	0.67
N	chief	mayor	șef	primar	1	4.26	4.37	4.85	3.02	1.25	0.28	0.38	0.17	0.49	0.2	2.68	0.71	0.25	2.25	0.63
N	rabbi	minister	rabin	pastor	1	4.64	4.22	7.62	4.47	4.17	0.49	0.61	0.43	0.5	0.17	2.42	0.78	0.25	2.25	0.57
N	meter	inch	metru	inch	1	4.7	4.37	5.08	3.55	1.25	0.35	0.32	0.34	0.36	0.2	2.68	0.8	0.25	2.25	0.8
N	polyester	cotton	poliester	bumbac	1	4.12	4.97	5.63	1	0.83	0.57	0.6	0.6	0.84	0.25	3	0.8	0.33	2.54	0.86
N	lawyer	banker	avocat	bancher	1	4.7	4.43	1.88	0.72	0.83	0.37	0.36	0.44	0.42	0.2	2.68	0.77	0.17	1.85	0.63
N	violin	instrument	vioară	instrument	1	4.96	4.27	6.58	3.9	1.67	0.38	0.37	0.3	0.38	0.2	2.68	0.8	0.25	2.25	0.84
N	camp	cabin	tabără	cabană	1	4.35	4.92	4.2	2.33	0.42	0.48	0.5	0.29	0.75	0.25	3	0.83	0.2	2.03	0.78
N	linen	fabric	in	țesătură	1	4.8	4.63	7.47	3.33	2.08	0.25	0.27	0.03	0.08	0.1	1.68	0.33	0.5	2.94	0.92
N	whiskey	champagne	whiskey	șampanie	1	4.74	4.82	5.33	2.08	0.83	0.62	0.61	0.45	0.57	0.17	2.42	0.71	0.17	1.85	0.78
N	girl	child	fată	copil	1	4.85	4.78	5.38	2.63	2.5	0.51	0.51	0.26	0.54	0.2	2.68	0.77	0.33	2.54	0.91
N	cottage	cabin	căsuță	cabană	1	4.85	4.92	7.72	4.58	5.42	0.45	0.48	0.23	0.64	0.25	3	0.88	0.33	2.54	0.8
N	bird	hen	pasăre	găină	1	5	4.9	7.03	4.85	5.42	0.6	0.63	0.48	0.74	0.2	2.68	0.84	0.5	2.94	0.95
N	racket	noise	rachetă	zgomot	1	4.26	3.52	8.1	1.7	0	0.23	0.3	0.11	0.3	0.12	2	0.33	1	3.64	1
N	sunset	evening	apus	seară	1	4.54	3.26	5.98	5.53	5	0.43	0.46	0.26	0.29	0.09	1.54	0.31	0.1	1.34	0.31
N	drizzle	rain	burniță	ploaie	1	4.21	4.97	9.17	4.68	5	0.65	0.71	0.49	0.72	0.33	3.42	0.94	0.5	2.94	0.95
N	adult	baby	adult	bebeluș	1	4.4	5	2.22	0.25	0.83	0.42	0.5	0.41	0.46	0.14	2.19	0.67	0.33	2.54	0.78
N	head	nail	cap	unghie	1	4.75	4.93	2.47	0.57	0.83	0.28	0.26	0.25	0.51	0.2	2.68	0.73	0.33	2.54	0.86
N	log	timber	buștean	cherestea	1	4.96	4.9	8.05	3.05	2.08	0.43	0.43	0.28	0.46	0.12	2	0.4	0.12	1.56	0.67
N	spoon	cup	lingură	ceașcă	1	4.96	5	2.02	1	0	0.66	0.73	0.33	0.77	0.25	3	0.83	0.33	2.54	0.83
N	body	nerve	corp	nerv	1	4.79	3.89	3.13	1.73	0.83	0.29	0.32	0.26	0.44	0.12	2	0.5	0.14	1.69	0.62
N	man	husband	bărbat	soț	1	4.79	4.11	5.32	5.42	7.92	0.46	0.52	0.32	0.66	1	4	1	0.2	2.03	0.67
N	bone	neck	os	gât	1	4.9	5	2.53	1.28	0.83	0.3	0.38	0.27	0.43	0.12	2	0.5	0.14	1.69	0.62
N	frustration	anger	frustrare	mânie	1	2.06	2.41	6.5	5.22	6.67	0.54	0.57	0.33	0.59	0.25	3	0.88	0.33	2.54	0.88
N	task	job	sarcină	slujbă	1	2.84	3.19	8.87	4.47	4.17	0.16	0.24	0.23	0.45	0.25	3	0.88	1	3.64	1
N	club	society	club	societate	1	3.78	2.54	5.23	3.3	4.58	0.23	0.27	0.35	0.39	1	4	1	1	3.64	1
N	reflection	image	reflexie	imagine	1	3.29	3.85	7.27	4.4	3.75	0.49	0.46	0.29	0.62	1	4	1	0.5	2.94	0.94
N	prince	king	prinț	rege	1	4.44	4.1	5.92	3.2	5.83	0.75	0.75	0.37	0.78	0.14	2.19	0.67	0.17	1.85	0.6
N	snow	weather	zăpadă	vreme	1	4.85	3.83	5.48	1.73	0.83	0.37	0.38	0.11	0.34	0.25	3	0.86	0.33	2.54	0.89
N	people	party	oameni	petrecere	1	4.82	3.89	2.2	1.53	0	0.31	0.36	0.22	0.24	0.14	2.19	0.55	0.2	2.03	0.6
N	boy	brother	băiat	frate	1	4.76	4.43	6.67	2.48	1.67	0.67	0.71	0.2	0.6	0.17	2.42	0.75	0.2	2.03	0.67
N	root	grass	rădăcină	iarbă	1	4.34	4.93	3.55	1.45	0.83	0.46	0.53	0.16	0.65	0.08	1.3	0.27	0.17	1.85	0.63
N	brow	eye	sprânceană	ochi	1	4.39	4.9	3.82	1.98	0.83	0.55	0.6	0.22	0.46	0.09	1.54	0.27	0.17	1.85	0.67
N	money	pearl	bani	perlă	1	4.54	4.87	2.1	0.85	0	0.17	0.21	0.13	0.22	0.07	1.19	0.12	0.09	1.24	0.29
N	money	diamond	bani	diamant	1	4.54	4.89	3.42	1.17	0	0.22	0.24	0.18	0.37	0.1	1.68	0.15	0.1	1.34	0.4
N	vehicle	bus	vehicul	autobuz	1	4.64	4.9	6.47	4.57	2.08	0.38	0.38	0.44	0.49	0.17	2.42	0.71	0.25	2.25	0.82
N	cab	bus	taxi	autobuz	1	4.88	4.9	5.6	2.08	0.83	0.49	0.56	0.63	0.67	0.1	1.68	0.56	0.33	2.54	0.92
N	house	barn	casă	grajd	1	5	4.79	4.33	0.78	0	0.37	0.46	0.23	0.46	0.2	2.68	0.77	0.25	2.25	0.82
N	finger	palm	deget	palmă	1	5	4.83	3.33	2.27	1.25	0.58	0.63	0.4	0.61	0.25	3	0.86	0.33	2.54	0.86
N	car	bridge	mașină	pod	1	4.89	4.97	0.95	0.35	0	0.34	0.43	0.04	0.38	0.14	2.19	0.55	0.17	1.85	0.71
N	effort	difficulty	efort	dificultate	1	2.33	1.9	4.45	5.03	4.58	0.34	0.32	0.4	0.37	0.33	3.42	0.95	0.5	2.94	0.95
N	fact	insight	fapt	intuiție	1	2.72	1.72	4.77	1.67	0.83	0.38	0.39	0.21	0.42	0.14	2.19	0.62	0.2	2.03	0.67
N	cancer	sickness	cancer	boală	1	3.86	3.45	7.93	4.25	2.92	0.46	0.51	0.5	0.59	0.2	2.68	0.78	0.2	2.03	0.82
N	word	newspaper	cuvânt	ziar	1	3.56	4.82	2.47	1.95	0.83	0.37	0.41	0.14	0.35	0.1	1.68	0.15	0.14	1.69	0.57
N	composer	writer	compozitor	scriitor	1	4.37	4.32	6.58	4	3.33	0.65	0.65	0.62	0.8	0.12	2	0.62	0.14	1.69	0.6
N	actor	singer	actor	cântăreț	1	4.57	4.62	4.52	1.85	2.5	0.53	0.62	0.37	0.7	0.2	2.68	0.82	0.25	2.25	0.67
N	shelter	hut	adăpost	colibă	1	4.64	4.65	6.47	3.75	4.17	0.49	0.52	0.33	0.71	0.33	3.42	0.91	0.5	2.94	0.93
N	bathroom	kitchen	baie	bucătărie	1	4.52	4.97	3.1	1.03	1.25	0.72	0.75	0.33	0.6	0.25	3	0.86	0.33	2.54	0.89
N	cabin	hut	cabană	colibă	1	4.92	4.65	6.53	4.85	4.58	0.62	0.67	0.48	0.76	0.17	2.42	0.67	0.17	1.85	0.71
N	door	kitchen	ușă	bucătărie	1	4.81	4.97	1.67	1.2	0.83	0.63	0.69	0.33	0.65	0.25	3	0.86	0.33	2.54	0.89
N	value	belief	valoare	credință	1	1.62	1.19	7.07	3.43	3.75	0.22	0.23	0.12	0.22	0.17	2.42	0.71	0.25	2.25	0.8
N	wisdom	intelligence	înțelepciune	inteligență	1	1.53	2.24	7.47	6.03	5.42	0.62	0.64	0.45	0.76	0.2	2.68	0.77	0.25	2.25	0.77
N	ignorance	intelligence	ignoranță	inteligență	1	1.6	2.24	1.5	0.42	0.42	0.48	0.51	0.35	0.69	0.17	2.42	0.67	0.2	2.03	0.67
N	happiness	luck	fericire	noroc	1	2.6	1.33	2.38	2.52	2.5	0.35	0.42	0.5	0.54	0.33	3.42	0.94	0.2	2.03	0.67
N	idea	scheme	idee	plan	1	1.61	2.41	6.75	5.32	3.33	0.28	0.28	0.32	0.34	1	4	1	0.33	2.54	0.86
N	mood	emotion	stare	emoție	1	1.75	2.44	8.12	5.38	5	0.3	0.31	0.2	0.33	0.33	3.42	0.92	0.33	2.54	0.83
N	happiness	peace	fericire	pace	1	2.6	1.62	6.03	3.77	3.75	0.44	0.43	0.47	0.55	0.25	3	0.83	0.2	2.03	0.71
N	despair	misery	disperare	nenorocire	1	2.21	2.04	7.22	3.87	3.33	0.54	0.63	0.39	0.64	0.2	2.68	0.8	0.25	2.25	0.77
N	logic	arithmetic	logică	aritmetică	1	1.72	2.74	3.97	2.73	1.25	0.4	0.41	0.39	0.68	0.06	0.83	0.15	0.12	1.56	0.67
N	denial	confession	negare	confesiune	1	2.46	2.4	1.03	0.35	0	0.38	0.4	0.24	0.6	0.14	2.19	0.62	0.25	2.25	0.8
N	argument	criticism	discuție	critică	1	2.85	2.07	5.08	1.52	0.42	0.4	0.42	0.23	0.55	0.12	2	0.5	0.17	1.85	0.62
N	aggression	hostility	agresiune	ostilitate	1	2.68	2.24	8.48	4.3	6.67	0.58	0.62	0.44	0.71	1	4	1	1	3.64	1
N	hysteria	confusion	isterie	confuzie	1	2.86	2.24	6.33	2.13	0.83	0.54	0.55	0.44	0.65	0.12	2	0.57	0.14	1.69	0.62
N	chemistry	theory	chimie	teorie	1	3.64	1.47	3.17	1.85	0	0.4	0.42	0.38	0.57	0.1	1.68	0.56	0.12	1.56	0.59
N	trial	verdict	proces	verdict	1	3.07	2.19	3.33	2.67	1.67	0.34	0.38	0.43	0.52	0.14	2.19	0.74	0.17	1.85	0.74
N	comfort	safety	confort	siguranță	1	2.89	2.37	5.8	5.18	4.17	0.36	0.4	0.42	0.21	0.25	3	0.83	0.33	2.54	0.83
N	confidence	self	încredere	sine	1	2.17	3.1	3.12	2.2	0.83	0.43	0.42	0.37	0.47	0.09	1.54	0.15	0.2	2.03	0.78
N	vision	perception	vedere	percepție	1	3.39	2	6.88	5.15	5	0.27	0.29	0.26	0.39	0.25	3	0.89	0.33	2.54	0.88
N	era	decade	eră	deceniu	1	2.24	3.19	5.4	2.08	1.67	0.45	0.52	0.12	0.55	0.25	3	0.83	0.33	2.54	0.83
N	biography	fiction	biografie	ficțiune	1	3.39	2.14	1.38	0.32	0	0.65	0.62	0.33	0.41	0.09	1.54	0.4	0.1	1.34	0.4
N	discussion	argument	discuție	ceartă	1	3.07	2.85	5.48	2.38	3.75	0.43	0.45	0.32	0.47	1	4	1	0.5	2.94	0.92
N	code	symbol	cod	simbol	1	3	3.11	6.03	4.43	5	0.22	0.24	0.19	0.27	0.17	2.42	0.6	0.2	2.03	0.6
N	danger	disease	pericol	boală	1	2.68	3.45	3	2.42	2.08	0.26	0.31	0.23	0.42	0.14	2.19	0.67	0.14	1.69	0.62
N	accident	catastrophe	accident	catastrofă	1	3.26	2.96	5.9	5	6.25	0.47	0.48	0.39	0.41	0.2	2.68	0.82	0.25	2.25	0.82
N	journey	trip	călătorie	excursie	1	2.57	3.71	8.88	8.02	8.75	0.51	0.56	0.52	0.62	1	4	1	0.5	2.94	0.95
N	activity	movement	activitate	mișcare	1	2.72	3.63	7.15	6.28	8.33	0.24	0.21	0.25	0.33	0.33	3.42	0.91	0.2	2.03	0.75
N	gossip	news	bârfă	știri	1	3	3.41	5.22	3.58	3.33	0.34	0.39	0.27	0.58	0.11	1.83	0.47	0.11	1.44	0.47
N	father	god	tată	dumnezeu	1	4.52	2.07	3.57	3.83	1.67	0.52	0.57	0.2	0.47	0.09	1.54	0.18	0.25	2.25	0.84
N	action	course	acțiune	curs	1	2.86	3.82	5.45	1.95	4.17	0.12	0.19	0.21	0.2	0.33	3.42	0.92	0.5	2.94	0.92
N	fever	illness	febră	boală	1	3.27	3.54	7.65	3.12	1.67	0.5	0.54	0.4	0.79	0.12	2	0.62	0.1	1.34	0.47
N	aviation	flight	aviație	zbor	1	3.39	3.9	8.18	5.63	2.08	0.42	0.51	0.36	0.53	0.11	1.83	0.59	0.5	2.94	0.95
N	game	action	joc	acțiune	1	4.5	2.86	4.85	3.48	2.08	0.24	0.33	0.27	0.26	0.25	3	0.86	0.25	2.25	0.8
N	molecule	air	moleculă	aer	1	3.27	4.11	3.05	1.73	0	0.32	0.36	0.14	0.24	0.12	2	0.22	0.2	2.03	0.57
N	home	state	casă	stat	1	4.11	3.52	2.58	0.53	0	0.19	0.19	0.05	0.3	0.14	2.19	0.67	0.25	2.25	0.8
N	word	literature	cuvânt	literatură	1	3.56	4.1	4.77	2.73	0.83	0.3	0.31	0.11	0.3	0.14	2.19	0.62	0.25	2.25	0.77
N	newspaper	information	ziar	informație	1	4.82	2.87	5.65	3.55	1.25	0.26	0.28	0.27	0.39	0.1	1.68	0.15	0.1	1.34	0.4
N	communication	television	comunicare	televizor	1	2.9	4.83	5.6	2.73	1.25	0.21	0.22	0.22	0.29	0.08	1.3	0.14	0.08	1.15	0.15
N	cousin	uncle	văr	unchi	1	3.7	4.24	4.63	1.32	0.83	0.68	0.71	0.36	0.73	0.2	2.68	0.8	0.25	2.25	0.63
N	author	reader	autor	cititor	1	4.26	3.89	1.6	1.42	0.83	0.27	0.28	0.47	0.51	0.2	2.68	0.75	0.2	2.03	0.67
N	guy	partner	tip	partener	1	4.68	3.53	3.57	2.73	4.17	0.26	0.27	0.34	0.33	0.25	3	0.83	0.2	2.03	0.67
N	area	corner	suprafață	colț	1	3.72	4.61	2.07	0.92	0	0.23	0.27	0.16	0.6	0.2	2.68	0.67	0.5	2.94	0.93
N	ballad	song	baladă	cântec	1	3.88	4.46	7.53	5.1	4.58	0.69	0.74	0.41	0.69	0.33	3.42	0.93	0.5	2.94	0.93
N	wall	decoration	perete	decorațiune	1	4.86	3.53	2.62	1.52	0.83	0.41	0.41	0.35	0.47	0.2	2.68	0.67	0.25	2.25	0.77
N	word	page	cuvânt	pagină	1	3.56	4.9	2.92	1.88	0.83	0.33	0.32	0.2	0.3	0.1	1.68	0.14	0.11	1.44	0.5
N	politician	president	politician	președinte	1	4.33	4.4	7.38	3.62	2.5	0.45	0.47	0.41	0.67	0.25	3	0.86	0.25	2.25	0.63
N	president	mayor	președinte	primar	1	4.4	4.37	5.68	2.1	1.67	0.35	0.4	0.39	0.49	0.2	2.68	0.67	0.2	2.03	0.6
N	book	essay	carte	eseu	1	4.9	3.97	4.72	2.27	2.08	0.42	0.48	0.37	0.44	0.2	2.68	0.77	0.25	2.25	0.77
N	man	warrior	bărbat	războinic	1	4.79	4.17	4.72	2.37	1.25	0.56	0.55	0.29	0.56	0.25	3	0.83	0.33	2.54	0.75
N	article	journal	articol	revistă	1	4.33	4.63	6.18	3.18	1.25	0.32	0.37	0.41	0.36	0.17	2.42	0.6	0.25	2.25	0.77
N	crowd	parade	mulțime	paradă	1	4.52	4.54	3.93	3.27	3.75	0.45	0.46	0.13	0.52	0.25	3	0.86	0.14	1.69	0.5
N	aisle	hallway	culoar	hol	1	4.35	4.74	6.75	8.12	9.58	0.65	0.69	0.5	0.58	0.33	3.42	0.93	0.25	2.25	0.84
N	hip	lip	șold	buză	1	4.21	4.96	1.43	0.42	0	0.43	0.44	0.3	0.55	0.2	2.68	0.67	0.25	2.25	0.77
N	book	article	carte	articol	1	4.9	4.33	5.43	1.92	1.67	0.25	0.29	0.36	0.29	0.25	3	0.86	0.33	2.54	0.86
N	room	cell	cameră	celulă	1	4.79	4.44	4.58	3.12	3.75	0.36	0.38	0.33	0.49	0.25	3	0.86	0.5	2.94	0.94
N	box	booth	cutie	cabină	1	4.9	4.42	3.8	1.42	0.42	0.39	0.43	0.29	0.35	0.17	2.42	0.67	0.2	2.03	0.8
N	limb	leg	membru	picior	1	4.64	4.83	6.9	5.47	4.17	0.21	0.26	0.27	0.26	0.33	3.42	0.92	0.5	2.94	0.94
N	liver	lung	ficat	plămân	1	4.68	4.82	2.7	1.48	1.25	0.58	0.63	0.35	0.64	0.2	2.68	0.77	0.25	2.25	0.82
N	classroom	hallway	clasă	hol	1	4.76	4.74	2	0.47	0	0.33	0.34	0.19	0.31	0.08	1.42	0.14	0.1	1.34	0.53
N	mountain	ledge	munte	terasă	1	4.96	4.72	3.73	0.63	0	0.38	0.47	0.27	0.41	0.25	3	0.8	0.25	2.25	0.77
N	car	elevator	mașină	lift	1	4.89	4.79	1.03	0.22	0	0.48	0.59	0.16	0.39	0.2	2.68	0.77	0.14	1.69	0.67
N	bed	couch	pat	canapea	1	5	4.71	3.42	3.2	6.25	0.71	0.74	0.61	0.81	0.17	2.42	0.75	0.5	2.94	0.95
N	kidney	organ	rinichi	organ	1	4.96	4.77	6.17	4.5	3.33	0.29	0.29	0.31	0.4	0.2	2.68	0.73	0.25	2.25	0.8
N	apple	sauce	măr	sos	1	5	4.75	1.43	0.22	0	0.33	0.37	0.05	0.39	0.11	1.83	0.14	0.08	1.07	0.33
N	car	hose	mașină	furtun	1	4.89	4.87	0.87	0.5	0	0.44	0.51	0.12	0.34	0.12	2	0.43	0.11	1.44	0.56
N	tobacco	cigarette	tutun	țigară	1	4.88	4.88	7.5	6.13	5.83	0.49	0.48	0.34	0.38	0.25	3	0.86	0.33	2.54	0.9
N	student	professor	student	profesor	1	4.92	4.86	1.95	1.95	0.83	0.56	0.6	0.63	0.71	0.11	1.83	0.59	0.12	1.56	0.57
N	baby	daughter	bebeluș	fiică	1	5	4.79	5	2.2	2.08	0.31	0.4	0.21	0.55	0.2	2.68	0.84	0.25	2.25	0.87
N	pipe	cigar	pipă	trabuc	1	4.88	4.93	6.03	4.43	3.75	0.64	0.67	0.5	0.64	0.07	1.09	0.11	0.07	0.93	0.22
N	milk	juice	lapte	suc	1	4.92	4.89	4.05	0.72	0	0.51	0.6	0.43	0.69	0.25	3	0.8	0.33	2.54	0.88
N	box	cigar	cutie	trabuc	1	4.9	4.93	1.25	0.97	0	0.37	0.43	0.22	0.39	0.08	1.42	0.12	0.07	1	0.24
N	apartment	hotel	apartament	hotel	1	4.9	4.93	3.33	1.63	1.25	0.52	0.59	0.39	0.37	0.17	2.42	0.67	0.2	2.03	0.75
N	cup	cone	ceașcă	con	1	5	4.86	3.17	0.47	0	0.2	0.19	-0.01	0.21	0.17	2.42	0.5	0.25	2.25	0.82
N	horse	ox	cal	bou	1	5	4.86	3.02	0.92	0.83	0.53	0.62	0.45	0.65	0.25	3	0.69	0.11	1.44	0.75
N	throat	nose	gâtlej	nas	1	4.97	4.89	2.8	1	0.83	0.5	0.57	0.37	0.56	0.1	1.68	0.43	0.25	2.25	0.8
N	bone	elbow	os	cot	1	4.9	5	3.78	2.05	1.25	0.29	0.37	0.2	0.29	0.1	1.68	0.43	0.14	1.69	0.62
N	bacon	bean	șuncă	fasole	1	4.9	5	1.22	0.72	0	0.63	0.66	0.29	0.66	0.09	1.63	0.35	0.11	1.44	0.6
N	cup	jar	ceașcă	borcan	1	5	5	5.13	0.85	0	0.58	0.66	0.22	0.52	0.2	2.68	0.4	0.33	2.54	0.83
N	proof	fact	dovadă	fapt	1	2.67	2.72	7.3	5.18	4.17	0.42	0.49	0.31	0.6	0.2	2.68	0.77	0.25	2.25	0.77
N	appointment	engagement	programare	angajament	1	3	2.75	6.75	2.98	3.75	0.21	0.24	0.22	0.27	0.12	2	0.62	1	3.64	1
N	word	clue	cuvânt	indiciu	1	3.56	2.93	2.53	1.92	2.08	0.35	0.38	0.11	0.38	0.2	2.68	0.6	0.2	2.03	0.71
N	author	creator	autor	creator	1	4.26	3.07	8.02	7.42	8.33	0.26	0.26	0.45	0.47	1	4	1	0.33	2.54	0.71
N	atom	carbon	atom	carbon	1	3.34	4.22	3.1	2.2	0.42	0.46	0.52	0.4	0.53	0.2	2.68	0.57	0.25	2.25	0.8
N	archbishop	bishop	arhiepiscop	episcop	1	4.14	4.21	7.05	4.22	3.75	0.86	0.88	0.8	0.92	0.33	3.42	0.95	0.5	2.94	0.96
N	letter	paragraph	literă	paragraf	1	4.7	3.96	4	1.63	0.83	0.37	0.34	0.33	0.52	0.11	1.83	0.46	0.2	2.03	0.71
N	page	paragraph	pagină	paragraf	1	4.9	3.96	3.03	2.33	2.5	0.24	0.22	0.39	0.41	0.08	1.3	0.13	0.08	1.15	0.25
N	steeple	chapel	clopotniță	capelă	1	4.74	4.6	7.08	2.2	1.67	0.62	0.66	0.35	0.72	0.14	2.19	0.62	0.17	1.85	0.71
N	muscle	bone	mușchi	os	1	4.5	4.9	3.65	1.07	0.83	0.36	0.44	0.26	0.46	0.11	1.83	0.46	0.25	2.25	0.82
N	muscle	tongue	mușchi	limbă	1	4.5	4.93	5	3.97	2.08	0.18	0.21	0.1	0.39	0.2	2.68	0.73	0.25	2.25	0.8
N	boy	soldier	băiat	soldat	1	4.76	4.72	2.15	2.3	2.08	0.47	0.5	0.19	0.5	0.14	2.19	0.59	0.12	1.56	0.57
N	belly	abdomen	burtă	abdomen	1	4.8	4.7	8.13	6.2	8.33	0.49	0.55	0.46	0.61	1	4	1	1	3.64	1
N	guy	girl	tip	fată	1	4.68	4.85	3.33	0.38	0	0.22	0.2	0.04	0.21	0.2	2.68	0.77	0.2	2.03	0.63
N	bed	chair	pat	scaun	1	5	4.58	3.5	0.92	0.42	0.55	0.64	0.52	0.54	0.2	2.68	0.8	0.2	2.03	0.8
N	gun	knife	armă	cuțit	1	4.83	4.9	3.65	4.12	2.08	0.42	0.41	0.25	0.61	0.14	2.19	0.53	0.33	2.54	0.9
N	bottle	container	sticlă	recipient	1	4.91	4.85	7.93	4.87	4.58	0.46	0.5	0.46	0.55	0.33	3.42	0.92	0.33	2.54	0.88
N	hen	turkey	găină	curcan	1	4.9	4.89	6.13	1.6	0.83	0.64	0.69	0.35	0.57	0.25	3	0.91	0.25	2.25	0.89
N	meat	bread	carne	pâine	1	4.9	4.92	1.67	0.63	0	0.55	0.6	0.3	0.64	0.2	2.68	0.67	0.25	2.25	0.77
N	arm	bone	braț	os	1	4.96	4.9	3.83	1.42	0.83	0.24	0.35	0.15	0.34	0.1	1.68	0.43	0.11	1.44	0.56
N	apple	lemon	măr	lămâie	1	5	5	4.05	1.03	0.42	0.49	0.52	0.38	0.72	0.2	2.68	0.77	0.25	2.25	0.86
N	agony	grief	agonie	supărare	1	2.38	2.7	7.63	4.12	1.67	0.45	0.49	0.24	0.47	0.1	1.68	0.5	0.14	1.69	0.62
N	assignment	task	temă	sarcină	1	3.86	2.84	8.7	6.52	7.08	0.27	0.32	0.15	0.48	0.33	3.42	0.95	0.5	2.94	0.94
N	night	dawn	noapte	zori	1	4.52	4.46	2.95	0.47	1.67	0.65	0.7	0.56	0.6	0.25	3	0.83	0.33	2.54	0.86
N	dinner	soup	cină	supă	1	4.5	4.72	3.72	1.63	1.25	0.63	0.68	0.34	0.71	0.17	2.42	0.67	0.2	2.03	0.75
N	calf	bull	vițel	taur	1	4.48	4.85	4.93	2.95	4.17	0.52	0.57	0.23	0.39	0.14	2.19	0.62	0.14	1.69	0.67
N	snow	storm	zăpadă	furtună	1	4.85	4.7	4.8	1.23	0.83	0.48	0.56	0.31	0.73	0.17	2.42	0.75	0.2	2.03	0.78
N	nail	hand	unghie	mână	1	4.93	4.72	3.42	1.73	1.25	0.46	0.49	0.16	0.38	0.12	2	0.5	0.25	2.25	0.8
N	dog	horse	câine	cal	1	4.85	5	2.38	0.53	0.83	0.51	0.57	0.32	0.56	0.17	2.42	0.72	0.12	1.56	0.76
N	arm	neck	braț	gât	1	4.96	5	1.58	0.72	0.83	0.52	0.61	0.38	0.68	0.17	2.42	0.67	0.2	2.03	0.75
N	ball	glove	minge	mănușă	1	5	4.97	1.75	0.42	0	0.39	0.41	0.09	0.42	0.17	2.42	0.43	0.17	1.85	0.74
N	flu	fever	gripă	febră	1	3.65	3.27	6.08	3.4	1.67	0.61	0.66	0.47	0.83	0.09	1.54	0.38	0.08	1.07	0.4
N	fee	salary	taxă	salariu	1	3.89	3.69	3.72	0.53	0.42	0.24	0.3	0.15	0.39	0.12	2	0.7	0.14	1.69	0.7
N	nerve	brain	nerv	creier	1	3.89	4.69	3.88	2.77	1.67	0.45	0.47	0.46	0.65	0.1	1.68	0.43	0.11	1.44	0.56
N	beast	animal	bestie	animal	1	4.63	4.61	7.83	4.9	6.67	0.42	0.46	0.4	0.47	1	4	1	1	3.64	1
N	dinner	chicken	cină	pui	1	4.5	4.8	2.85	1.53	0	0.38	0.46	0.13	0.36	0.1	1.68	0.43	0.09	1.24	0.35
N	girl	maid	fată	slujnică	1	4.85	4.64	2.93	2.13	4.58	0.61	0.67	0.31	0.74	0.12	2	0.62	0.5	2.94	0.95
N	child	boy	copil	băiat	1	4.78	4.76	5.75	3.58	6.25	0.61	0.67	0.35	0.65	1	4	1	0.33	2.54	0.91
N	alcohol	wine	alcool	vin	1	4.76	4.79	7.42	4.78	4.17	0.39	0.43	0.31	0.43	0.33	3.42	0.91	0.5	2.94	0.95
N	nose	mouth	nas	gură	1	4.89	4.74	3.73	1.45	1.67	0.62	0.7	0.43	0.59	0.12	2	0.5	0.25	2.25	0.8
N	street	car	stradă	mașină	1	4.75	4.89	2.38	1.45	0.83	0.45	0.56	0.22	0.65	0.12	2	0.57	0.11	1.44	0.56
N	bell	door	sonerie	ușă	1	4.96	4.81	2.2	2.02	0.83	0.61	0.69	0.3	0.44	0.09	1.54	0.4	0.2	2.03	0.71
N	box	hat	cutie	pălărie	1	4.9	4.88	1.3	0.38	0	0.44	0.48	0.14	0.3	0.11	1.83	0.53	0.12	1.56	0.59
N	belief	impression	credință	părere	1	1.19	2.23	5.95	3.58	5.42	0.39	0.4	0.15	0.39	1	4	1	1	3.64	1
N	bias	opinion	prejudecată	opinie	1	1.68	1.93	5.6	4.18	5	0.37	0.38	0.33	0.52	0.33	3.42	0.93	0.12	1.56	0.53
N	attention	awareness	atenție	conștientizare	1	2.3	1.84	8.73	4.57	5.42	0.36	0.33	0.25	0.61	0.12	2	0.62	0.17	1.85	0.67
N	anger	mood	mânie	stare	1	2.41	1.75	4.1	2.98	0.83	0.3	0.27	0.15	0.3	0.25	3	0.86	0.25	2.25	0.77
N	elegance	style	eleganță	stil	1	2.18	2.67	5.72	6.48	7.92	0.55	0.56	0.42	0.45	0.17	2.42	0.6	0.5	2.94	0.91
N	beauty	age	frumusețe	vârstă	1	2.93	2.86	1.58	1.6	0	0.28	0.32	0.14	0.42	0.14	2.19	0.55	0.17	1.85	0.55
N	book	theme	carte	temă	1	4.9	2.72	2.58	1.48	0	0.4	0.45	0.17	0.52	0.14	2.19	0.62	0.2	2.03	0.71
N	friend	mother	prietenă	mamă	1	3.07	4.6	2.53	2.58	1.25	0.52	0.62	0.34	0.76	0.12	2	0.53	0.17	1.85	0.63
N	vitamin	iron	vitamină	fier	1	4.48	4.59	5.55	2.95	1.67	0.38	0.45	0.3	0.48	0.11	1.83	0.4	0.11	1.44	0.43
N	car	factory	mașină	fabrică	1	4.89	4.76	2.75	1.38	0.83	0.38	0.42	0.17	0.69	0.11	1.83	0.46	0.12	1.56	0.63
N	pact	condition	pact	condiție	1	2.52	2.15	2.45	3.83	2.08	0.24	0.24	0.17	0.33	0.2	2.68	0.77	0.2	2.03	0.71
N	chapter	choice	capitol	alegere	1	3.43	1.9	0.48	0.72	0	0.13	0.12	0.16	0.32	0.1	1.68	0.31	0.14	1.69	0.57
N	arithmetic	rhythm	aritmetică	ritm	1	2.74	3.07	2.35	0.1	0	0.22	0.23	0.12	0.18	0.06	0.91	0.2	0.09	1.24	0.5
N	winner	presence	câștigător	prezență	1	3.21	2.72	1.08	0.43	0	0.09	0.09	0.06	0.55	0.09	1.54	0.15	0.1	1.34	0.35
N	belief	flower	credință	floare	1	1.19	5	0.4	0.03	0	0.31	0.35	0.09	0.25	0.08	1.42	0.14	0.11	1.44	0.33
N	winner	goal	câștigător	scop	1	3.21	3.06	3.23	1.17	0	0.14	0.14	0.01	0.26	0.08	1.42	0.14	0.1	1.34	0.47
N	choice	vein	alegere	stare	1	1.9	4.63	0.98	0.78	1.67	0.13	0.1	0.33	0.28	0.25	3	0.8	0.11	1.44	0.33
N	hymn	conquest	imn	cucerire	1	4.04	2.54	0.68	0.78	0	0.27	0.28	0.14	0.33	0.08	1.3	0.25	0.08	1.07	0.25
N	endurance	band	rezistență	elastic	1	2	4.68	0.4	1.85	0	0.39	0.39	0.24	0.26	0.17	2.42	0.5	0.12	1.56	0.38
N	jail	choice	închisoare	alegere	1	4.83	1.9	1.08	0.38	0	0.12	0.1	0.11	0.18	0.07	1.09	0.13	0.06	0.8	0.11
N	condition	boy	condiție	băiat	1	2.15	4.76	0.48	0.22	0	0.13	0.19	0.03	0.41	0.17	2.42	0.18	0.1	1.34	0.18
N	flower	endurance	floare	rezistență	1	5	2	0.4	0.1	0	0.2	0.18	0.09	0.16	0.09	1.54	0.31	0.11	1.44	0.33
N	hole	agreement	gaură	înțelegere	1	4.81	2.22	0.3	0	0	0.17	0.22	0.09	0.51	0.1	1.68	0.4	0.14	1.69	0.57
N	doctor	temper	doctor	calm	1	4.69	2.56	0.48	1.35	0	0.27	0.32	0.24	0.31	0.08	1.42	0.29	0.08	1.15	0.27
N	fraternity	door	frăție	ușă	1	2.46	4.81	0.68	0.03	0	0.24	0.31	0.25	0.52	0.1	1.77	0.24	0.08	1.15	0.24
N	task	woman	îndatorire	femeie	1	2.84	4.46	0.68	0.97	0	0.25	0.28	0.27	0.39	0.09	1.54	0.31	0.09	1.24	0.29
N	fraternity	baseball	frăție	baseball	1	2.46	4.86	0.88	0.6	0	0.19	0.25	0.04	0.23	0.17	2.5	0.4	0.07	0.93	0.22
N	cent	size	cent	mărime	1	4.19	3.13	0.4	0.47	0	0.2	0.23	0.08	0.2	0.09	1.54	0.4	0.1	1.34	0.31
N	presence	door	prezență	ușă	1	2.72	4.81	0.48	0.15	0	0.18	0.23	0.18	0.5	0.08	1.42	0.33	0.12	1.56	0.63
N	task	highway	sarcină	autostradă	1	2.84	4.72	0.48	0.13	0	0.18	0.15	0.1	0.46	0.14	2.19	0.55	0.07	0.93	0.12
N	liquor	century	lichior	secol	1	4.73	2.83	0.4	0.07	0	0.24	0.28	0.18	0.31	0.07	1.19	0.14	0.09	1.24	0.29
N	task	straw	sarcină	pai	1	2.84	4.77	0.68	0	0	0.09	0.12	-0.07	0.1	0.12	2	0.46	0.08	1.07	0.25
N	island	task	insulă	sarcină	1	4.96	2.84	0.3	0	0	0.22	0.19	0.05	0.45	0.12	2	0.25	0.08	1.15	0.15
N	night	chapter	noapte	capitol	1	4.52	3.43	0.48	0.25	0	0.16	0.14	0.14	0.18	0.2	2.68	0.77	0.25	2.25	0.77
N	pollution	president	poluare	președinte	1	3.75	4.4	0.68	0.35	0	0.04	0.06	-0.01	0.07	0.08	1.42	0.12	0.09	1.24	0.5
N	diet	apple	dietă	măr	1	3.21	5	1.18	1.88	0	0.2	0.28	0.11	0.49	0.09	1.54	0.18	0.1	1.34	0.4
N	cent	wife	cent	soție	1	4.19	4.13	0.58	0.03	0	0.19	0.25	-0.04	0.24	0.06	1	0.11	0.07	1	0.13
N	chapter	tail	capitol	coadă	1	3.43	4.96	0.3	0.1	0	0.13	0.15	0.12	0.13	0.1	1.68	0.43	0.12	1.56	0.46
N	course	stomach	curs	stomac	1	3.82	4.89	0.58	0.15	0	0.08	0.18	0.1	0.12	0.11	1.83	0.22	0.11	1.44	0.33
N	hymn	straw	imn	pai	1	4.04	4.77	0.4	0	0	0.18	0.21	-0.01	0.17	0.08	1.42	0.12	0.08	1.07	0.25
N	dentist	colonel	dentist	colonel	1	4.93	3.89	0.4	0.25	0	0.25	0.28	0.23	0.3	0.07	1.19	0.45	0.08	1.07	0.46
N	wife	straw	soție	pai	1	4.13	4.77	0.4	0	0	0.16	0.14	0	0.15	0.08	1.3	0.25	0.09	1.24	0.4
N	hole	wife	gaură	soție	1	4.81	4.13	0.68	0.25	0	0.12	0.21	0	0.37	0.09	1.54	0.31	0.1	1.34	0.47
N	pupil	president	elev	președinte	1	4.55	4.4	0.78	0.25	0	0.21	0.25	0.23	0.25	0.2	2.68	0.77	0.17	1.85	0.63
N	bath	wife	baie	soție	1	4.85	4.13	0.48	0.13	0	0.24	0.27	0.08	0.3	0.08	1.42	0.27	0.08	1.15	0.42
N	people	cent	oameni	cent	1	4.82	4.19	0.48	0.18	0	0.22	0.23	0.14	0.25	0.1	1.68	0.33	0.11	1.44	0.33
N	formula	log	formulă	jurnal	1	4.11	4.96	1.77	0.47	0	0.2	0.19	0.15	0.14	0.14	2.19	0.67	0.11	1.44	0.43
N	woman	fur	femeie	blană	1	4.46	4.69	0.58	0.92	0	0.32	0.41	0.12	0.32	0.1	1.68	0.33	0.09	1.24	0.44
N	gun	dawn	armă	zori	1	4.83	4.46	1.18	0.03	0	0.2	0.22	0.05	0.23	0.1	1.68	0.5	0.1	1.34	0.47
N	meal	waist	masă	talie	1	4.62	4.72	0.98	0.35	0	0.2	0.27	0.04	0.14	0.2	2.68	0.73	0.11	1.44	0.33
N	liquor	band	lichior	trupă	1	4.73	4.68	0.68	0.1	0	0.25	0.26	0.09	0.22	0.07	1.19	0.14	0.1	1.34	0.31
N	stomach	vein	stomac	stare	1	4.89	4.63	2.35	0.67	0	0.26	0.3	0.2	0.34	0.08	1.3	0.17	0.2	2.03	0.71
N	gun	fur	armă	blană	1	4.83	4.69	0.3	0.25	0	0.24	0.29	0.06	0.5	0.1	1.68	0.43	0.11	1.44	0.56
N	couch	baseball	autocar	baseball	1	4.71	4.86	0.88	0.35	0	0.27	0.32	0.09	0.11	0.06	0.83	0.2	0.11	1.44	0.6
N	deck	mouse	punte	șoarece	1	4.77	4.83	0.48	0.15	0	0.16	0.17	0.07	0.14	0.14	2.19	0.67	0.12	1.56	0.63
N	rice	boy	orez	băiat	1	4.86	4.76	0.4	0	0	0.23	0.26	0.04	0.22	0.09	1.54	0.44	0.14	1.69	0.6
N	people	gun	oameni	armă	1	4.82	4.83	0.68	1.07	0	0.25	0.19	-0.01	0.29	0.1	1.68	0.33	0.1	1.34	0.31
N	cliff	tail	stâncă	coadă	1	4.71	4.96	0.3	0.03	0	0.44	0.44	0.02	0.64	0.14	2.19	0.29	0.12	1.56	0.43
N	ankle	window	gleznă	fereastră	1	4.81	4.86	0.3	0.07	0	0.29	0.33	0.12	0.37	0.12	2	0.5	0.08	1.07	0.25
N	princess	island	prințesă	insulă	1	4.72	4.96	0.3	0.43	0	0.4	0.46	0.22	0.56	0.09	1.54	0.18	0.11	1.44	0.43
N	container	mouse	container	șoarece	1	4.85	4.83	0.3	1.1	0	0.18	0.23	0.16	0.3	0.17	2.42	0.67	0.2	2.03	0.75
N	people	balloon	oameni	balon	1	4.82	4.92	0.48	0.25	0	0.13	0.14	0.17	0.29	0.11	1.83	0.18	0.1	1.34	0.18
N	dollar	people	dolar	oameni	1	4.93	4.82	0.4	0.85	0	0.15	0.2	0.15	0.27	0.11	1.83	0.36	0.14	1.69	0.4
N	bath	balloon	baie	balon	1	4.85	4.92	0.4	0.13	0	0.36	0.42	0.22	0.28	0.17	2.42	0.71	0.14	1.69	0.62
N	stomach	bedroom	stomac	dormitor	1	4.89	4.9	0.4	0.03	0	0.32	0.37	0.14	0.28	0.06	0.91	0.13	0.08	1.15	0.27
N	bicycle	bedroom	bicicletă	dormitor	1	4.89	4.9	0.4	0	0	0.4	0.43	0.16	0.27	0.11	1.83	0.4	0.11	1.44	0.56
N	log	bath	buștean	baie	1	4.96	4.85	0.4	0	0	0.37	0.42	0.11	0.3	0.11	1.83	0.33	0.12	1.56	0.63
N	bowl	tail	castron	coadă	1	4.87	4.96	0.48	0.07	0	0.45	0.54	0.14	0.32	0.12	2	0.38	0.17	1.85	0.67
V	take	steal	lua	fura	1	3.06	3.84	6.18	4.05	7.08	0.39	0.39	0.47	0.49	1	4	1	0.5	2.56	0.67
V	listen	hear	asculta	auzi	1	3.47	3.66	8.17	6.38	7.08	0.59	0.61	0.66	0.73	1	4	1	1	3.26	1
V	think	rationalize	gândi	justifica	1	2.41	1.52	8.25	3.12	1.25	0.23	0.25	0.14	0.45	0.14	2.28	0.33	0.5	2.56	0.67
V	vanish	disappear	pieri	dispărea	1	2.77	2.86	9.8	7.13	9.17	0.59	0.64	0.44	0.64	1	4	1	1	3.26	1
V	multiply	divide	înmulți	împărți	1	2.79	2.86	1.75	0.6	0.42	0.47	0.54	0.39	0.77	0.25	3	0.75	0.33	2.16	0.75
V	plead	beg	pleda	implora	1	2.59	2.96	9.08	1.95	2.92	0.3	0.36	0.32	0.43	0.08	1.39	0.17	0.5	2.56	0.93
V	protect	defend	proteja	apăra	1	2.86	2.31	9.13	9	10	0.66	0.7	0.37	0.69	1	4	1	0.5	2.56	0.86
V	kill	destroy	ucide	distruge	1	3.9	3.08	5.9	6.17	8.33	0.63	0.69	0.66	0.79	0.33	3.42	0.67	0.5	2.56	0.8
V	create	make	crea	face	1	2.62	2.67	8.72	8.37	9.58	0.28	0.25	0.52	0.48	1	4	1	1	3.26	1
V	accept	reject	accepta	respinge	1	3.03	2.4	0.83	0.38	0.42	0.45	0.48	0.67	0.6	0.25	3	0.67	0.33	2.16	0.67
V	ignore	avoid	ignora	evita	1	2.22	2.41	6.87	7.23	6.67	0.44	0.46	0.49	0.6	0.2	2.77	0.5	0.33	2.16	0.5
V	carry	bring	căra	aduce	1	4.04	2.55	5.8	5.88	8.33	0.32	0.34	0.01	0.36	0.33	3.42	0.8	0.5	2.56	0.86
V	leave	enter	pleca	intra	1	2.53	3.12	0.95	0.28	0.42	0.41	0.46	0.53	0.55	0.2	2.77	0.5	0.33	2.16	0.5
V	choose	elect	alege	vota	1	2.62	2.41	7.62	7.55	8.75	0.41	0.39	0.52	0.5	0.33	3.42	0.8	0.5	2.56	0.8
V	lose	fail	pierde	rata	1	2.25	3	7.33	6.8	8.75	0.14	0.11	0.36	0.29	1	4	1	0.33	2.16	0.75
V	encourage	discourage	încuraja	descuraja	1	2.61	1.9	1.58	0.35	1.25	0.7	0.71	0.68	0.67	0.2	2.77	0.5	0.25	1.87	0.4
V	achieve	accomplish	obține	realiza	1	2.29	2.33	8.57	6.77	8.33	0.51	0.52	0.15	0.5	0.33	3.42	0.8	1	3.26	1
V	make	construct	face	construi	1	2.67	2.6	8.33	7.48	9.58	0.28	0.26	0.47	0.46	1	4	1	1	3.26	1
V	inform	notify	informa	notifica	1	2.25	3.04	9.25	6.82	8.75	0.67	0.67	0.51	0.69	0.33	3.42	0.89	0.5	2.56	0.89
V	receive	give	primi	da	1	2.69	2.83	1.47	0.78	0.42	0.46	0.43	0.18	0.45	0.25	3	0.8	0.33	2.16	0.57
V	borrow	beg	împrumuta	cerși	1	3.1	2.96	2.62	1	2.08	0.37	0.36	0.11	0.62	0.2	2.68	0.4	0.17	1.47	0.29
V	take	obtain	lua	obține	1	3.06	3	7.1	4.78	6.67	0.33	0.33	0.09	0.44	1	4	1	0.5	2.56	0.8
V	advise	recommend	sfătui	recomanda	1	2.03	1.74	8.1	7.52	8.75	0.54	0.57	0.32	0.4	1	4	1	0.5	2.56	0.89
V	imitate	portray	imita	portretiza	1	2.66	2.18	6.75	3.97	6.25	0.46	0.52	0.35	0.52	0.14	2.19	0.29	0.17	1.47	0.25
V	win	succeed	câștiga	reuși	1	2.67	2.33	7.9	5.88	5.42	0.52	0.54	0.36	0.8	0.2	2.77	0.5	1	3.26	1
V	greet	meet	saluta	întâlni	1	2.96	3	6.17	2.17	1.67	0.45	0.51	0.19	0.47	0.12	2.09	0.29	0.33	2.16	0.57
V	agree	argue	consimți	contrazice	1	2.31	2.75	0.77	0.57	0.42	0.32	0.34	0.16	0.44	0.12	2.09	0.29	0.17	1.47	0.29
V	destroy	make	distruge	face	1	3.08	2.67	1.6	0.35	0.83	0.26	0.24	0.46	0.46	0.2	2.77	0.5	0.33	2.16	0.5
V	save	protect	salva	proteja	1	2.42	2.86	6.58	5.43	3.33	0.51	0.55	0.62	0.68	0.14	2.28	0.33	0.2	1.65	0.33
V	give	lend	da	împrumuta	1	2.83	3.07	7.22	5.28	6.25	0.36	0.35	0.17	0.41	0.33	3.42	0.8	0.5	2.56	0.8
V	understand	know	înțelege	ști	1	2.28	1.68	7.47	3.83	3.75	0.43	0.43	0.42	0.83	1	4	1	0.33	2.16	0.67
V	take	receive	lua	primi	1	3.06	2.69	5.08	3.2	6.67	0.38	0.41	0.58	0.6	1	4	1	0.5	2.56	0.86
V	accept	acknowledge	accepta	recunoaște	1	3.03	2.03	6.88	5	7.08	0.41	0.48	0.48	0.48	1	4	1	0.5	2.56	0.86
V	decide	choose	decide	alege	1	1.92	2.62	8.87	6.38	7.08	0.44	0.42	0.66	0.53	0.25	3	0.5	0.5	2.56	0.67
V	accept	believe	accepta	crede	1	3.03	1.55	6.75	3.58	3.33	0.41	0.46	0.56	0.6	0.33	3.42	0.86	0.5	2.56	0.86
V	keep	possess	ține	poseda	1	2.37	2.6	8.27	5.43	6.25	0.17	0.22	0.01	0.22	0.2	2.77	0.5	0.33	2.16	0.5
V	roam	wander	hoinări	cutreiera	1	2.85	2.28	8.83	9.33	10	0.6	0.64	0.52	0.66	1	4	1	1	3.26	1
V	succeed	fail	reuși	rata	1	2.33	3	0.83	0.13	0.42	0.16	0.14	0.07	0.22	0.2	2.77	0.5	0.33	2.16	0.5
V	spend	save	cheltui	economisi	1	2.93	2.42	0.55	0.13	0.42	0.57	0.65	0.59	0.73	0.33	3.42	0.89	0.5	2.56	0.89
V	come	attend	veni	participa	1	2.72	3.17	8.1	2.62	5.83	0.31	0.36	0.49	0.5	0.17	2.5	0.4	0.33	2.16	0.4
V	know	believe	ști	crede	1	1.68	1.55	5.5	2.52	3.33	0.62	0.64	0.22	0.52	0.14	2.28	0.33	0.33	2.16	0.75
V	make	earn	face	câștiga	1	2.67	2.39	7.62	2.08	0.83	0.29	0.27	0.26	0.4	0.2	2.77	0.5	1	3.26	1
V	forget	ignore	uita	ignora	1	2.04	2.22	3.07	1.92	1.67	0.54	0.57	0.48	0.62	0.2	2.77	0.5	0.33	2.16	0.5
V	multiply	add	înmulți	aduna	1	2.79	3	2.7	2.52	2.5	0.46	0.48	0.32	0.52	0.25	3	0.75	0.33	2.16	0.75
V	shrink	grow	micșora	crește	1	3.55	3.03	0.23	0.13	0.42	0.6	0.59	0.43	0.76	0.25	3	0.75	0.2	1.65	0.5
V	arrive	leave	sosi	pleca	1	3.22	2.53	1.33	0.13	0.42	0.66	0.68	0.58	0.78	0.2	2.77	0.5	0.33	2.16	0.5
V	succeed	try	reuși	încerca	1	2.33	2.22	3.98	1.53	0.42	0.81	0.83	0.38	0.78	0.2	2.77	0.5	0.25	1.87	0.4
V	accept	deny	accepta	nega	1	3.03	2.2	1.75	0.15	0.42	0.46	0.48	0.53	0.64	0.17	2.42	0.5	0.33	2.16	0.5
V	arrive	come	sosi	veni	1	3.22	2.72	7.05	6.98	9.58	0.64	0.71	0.68	0.8	0.17	2.5	0.4	1	3.26	1
V	agree	differ	consimți	refuza	1	2.31	1.59	1.05	0.38	0.42	0.46	0.47	0.46	0.53	0.25	3	0.67	0.33	2.16	0.5
V	send	receive	trimite	primi	1	2.7	2.69	1.08	0.18	0.42	0.47	0.51	0.59	0.48	0.17	2.5	0.4	0.25	1.87	0.4
V	win	dominate	câștiga	domina	1	2.67	2.12	5.68	3.12	2.5	0.42	0.49	0.28	0.28	0.25	3	0.75	0.33	2.16	0.5
V	add	divide	aduna	împărți	1	3	2.86	2.3	0.57	0.42	0.57	0.58	0.22	0.44	0.25	3	0.75	0.33	2.16	0.75
V	kill	choke	ucide	sugruma	1	3.9	3.97	4.92	4.53	4.58	0.56	0.61	0.5	0.62	0.33	3.42	0.67	0.25	1.87	0.4
V	acquire	get	achiziționa	obține	1	2.93	2.38	8.82	4.58	5	0.34	0.4	0.18	0.74	0.33	3.42	0.67	1	3.26	1
V	leave	remain	pleca	rămâne	1	2.53	1.96	2.53	0.18	0.42	0.38	0.43	0.22	0.46	0.2	2.77	0.5	0.33	2.16	0.5
V	go	enter	merge	intra	1	3.15	3.12	4	1.17	1.67	0.38	0.39	0.51	0.58	0.25	3	0.75	0.33	2.16	0.5
V	take	carry	lua	căra	1	3.06	4.04	5.23	2.58	3.75	0.35	0.46	0.15	0.5	0.33	3.42	0.8	1	3.26	1
V	forget	learn	uita	învăța	1	2.04	2.2	1.18	0.43	0	0.48	0.52	0.16	0.37	0.2	2.77	0.5	0.33	2.16	0.5
V	appoint	elect	numi	alege	1	2.24	2.41	8.17	5.75	3.75	0.51	0.54	0.44	0.43	0.25	3	0.67	0.2	1.65	0.33
V	take	deliver	lua	livra	1	3.06	3.12	4.37	0.92	0	0.3	0.3	0.4	0.42	0.17	2.42	0.33	0.33	2.16	0.5
V	speak	hear	vorbi	auzi	1	3.7	3.66	3.02	0.95	0.83	0.55	0.58	0.6	0.62	0.12	2.09	0.29	0.33	2.16	0.5
V	analyze	evaluate	analiza	evalua	1	2.3	1.85	8.03	7.48	7.5	0.48	0.5	0.59	0.66	0.33	3.42	0.67	0.25	1.87	0.4
V	argue	rationalize	argumenta	justifica	1	2.75	1.52	4.2	8.58	8.33	0.58	0.58	0.64	0.59	0.1	1.77	0.22	0.33	2.16	0.8
V	lose	keep	pierde	ține	1	2.25	2.37	1.05	0.25	0.42	0.28	0.32	0.06	0.41	0.2	2.77	0.5	0.33	2.16	0.5
V	compare	analyze	compara	analiza	1	2.52	2.3	8.1	5.75	6.25	0.43	0.42	0.52	0.29	0.33	3.42	0.67	0.5	2.56	0.4
V	disorganize	organize	dezorganiza	organiza	1	2.44	2.72	1.45	0.22	0.83	0.49	0.45	0.51	0.42	0.14	2.28	0.33	0.25	1.87	0.4
V	go	allow	merge	permite	1	3.15	2.41	3.62	0.5	0	0.29	0.34	0.36	0.38	0.2	2.77	0.5	0.33	2.16	0.5
V	take	possess	lua	poseda	1	3.06	2.6	7.2	3.18	2.92	0.3	0.32	0.32	0.32	0.2	2.77	0.5	0.33	2.16	0.5
V	learn	listen	învăța	asculta	1	2.2	3.47	3.88	2.8	2.92	0.46	0.51	0.22	0.4	0.17	2.5	0.4	0.25	1.87	0.4
V	destroy	construct	distruge	construi	1	3.08	2.6	0.92	0.35	0.42	0.47	0.51	0.54	0.63	0.17	2.5	0.4	0.25	1.87	0.4
V	create	build	crea	construi	1	2.62	3.71	8.48	7.48	8.33	0.6	0.62	0.65	0.75	0.33	3.42	0.8	0.5	2.56	0.8
V	steal	buy	fura	cumpăra	1	3.84	3.35	1.13	0.13	0	0.51	0.58	0.38	0.47	0.17	2.5	0.4	0.2	1.65	0.33
V	kill	hang	ucide	spânzura	1	3.9	3.7	4.45	4.18	5	0.49	0.51	0.27	0.53	0.25	3	0.5	0.33	2.16	0.5
V	forget	know	uita	ști	1	2.04	1.68	0.92	0.32	0.42	0.58	0.63	0.2	0.47	0.2	2.77	0.5	0.33	2.16	0.5
V	create	imagine	crea	imagina	1	2.62	1.53	5.13	5.78	7.08	0.47	0.49	0.44	0.69	0.2	2.68	0.4	0.33	2.16	0.5
V	do	happen	face	întâmpla	1	2.46	1.78	4.23	2.8	3.75	0.34	0.31	0.44	0.54	0.17	2.5	0.4	0.33	2.16	0.5
V	win	accomplish	câștiga	realiza	1	2.67	2.33	7.85	4.28	3.33	0.39	0.37	0.28	0.44	1	4	1	0.5	2.56	0.67
V	give	deny	da	nega	1	2.83	2.2	1.43	0.07	0	0.39	0.39	0.23	0.48	0.14	2.28	0.33	0.33	2.16	0.5
V	deserve	earn	merita	câștiga	1	1.69	2.39	5.8	2.3	0	0.39	0.43	0.2	0.3	0.17	2.5	0.4	0.2	1.65	0.33
V	get	put	obține	pune	1	2.38	2.5	1.98	0.63	2.08	0.27	0.29	0.04	0.29	0.17	2.5	0.4	0.33	2.16	0.74
V	locate	find	localiza	găsi	1	2.97	2.63	8.73	7.2	7.5	0.47	0.51	0.27	0.52	0.33	3.42	0.8	0.5	2.56	0.8
V	appear	attend	apărea	participa	1	3.13	3.17	6.28	1.88	3.75	0.25	0.24	0.06	0.33	0.2	2.77	0.5	0.25	1.87	0.4
V	know	comprehend	ști	înțelege	1	1.68	1.86	7.63	4.43	5	0.43	0.43	0.42	0.83	1	4	1	0.33	2.16	0.5
V	satisfy	please	satisface	mulțumi	1	2.04	1.64	7.67	8.18	9.17	0.31	0.3	0.16	0.38	1	4	1	0.5	2.56	0.67
V	cherish	keep	prețui	ține	1	1.73	2.37	4.85	4.3	3.33	0.26	0.29	0.35	0.56	1	4	1	0.25	1.87	0.4
V	overcome	dominate	învinge	domina	1	2.28	2.12	6.25	5.53	5	0.56	0.57	0.35	0.46	0.33	3.42	0.8	0.33	2.16	0.5
V	cooperate	participate	coopera	participa	1	1.87	2.59	6.43	4.82	5.83	0.38	0.4	0.38	0.49	0.17	2.5	0.4	0.25	1.87	0.4
V	achieve	try	obține	încerca	1	2.29	2.22	4.42	1.7	1.25	0.33	0.29	0.15	0.53	0.2	2.77	0.5	0.2	1.65	0.33
V	fail	discourage	eșua	descuraja	1	3	1.9	3.33	1.67	1.25	0.42	0.46	0.18	0.53	0.2	2.77	0.5	0.33	2.16	0.57
V	begin	quit	începe	renunța	1	2.56	2.56	1.28	0.18	0	0.36	0.37	0.21	0.48	0.2	2.77	0.5	0.33	2.16	0.5
V	say	participate	spune	participa	1	2.58	2.59	3.82	0.97	1.25	0.21	0.2	0.34	0.32	0.2	2.68	0.4	0.33	2.16	0.5
V	come	bring	veni	aduce	1	2.72	2.55	2.42	0.85	0	0.41	0.43	0.58	0.63	0.17	2.5	0.4	0.33	2.16	0.5
V	declare	announce	declara	anunța	1	2	3.31	9.08	6.67	8.33	0.47	0.49	0.42	0.49	1	4	1	1	3.26	1
V	read	comprehend	citi	înțelege	1	3.56	1.86	4.7	2.37	2.5	0.38	0.41	0.46	0.46	0.33	3.42	0.8	0.33	2.16	0.5
V	take	leave	lua	lăsa	1	3.06	2.53	2.47	0.35	0.42	0.38	0.4	0.17	0.53	0.2	2.77	0.5	0.33	2.16	0.5
V	proclaim	announce	proclama	anunța	1	2.36	3.31	8.18	5.95	7.92	0.39	0.39	0.33	0.38	1	4	1	0.25	1.87	0.57
V	acquire	obtain	achiziționa	obține	1	2.93	3	8.57	5.07	5.42	0.34	0.4	0.18	0.74	0.33	3.42	0.67	0.5	2.56	0.67
V	conclude	decide	încheia	decide	1	1.78	1.92	7.75	2.52	0.83	0.24	0.28	0.33	0.53	0.14	2.28	0.33	0.33	2.16	0.67
V	please	plead	mulțumi	pleda	1	1.64	2.59	2.98	1.1	0	0.33	0.34	0.13	0.44	0.11	1.92	0.35	0.14	1.31	0.25
V	argue	prove	argumenta	demonstra	1	2.75	1.83	4.83	8.15	7.92	0.58	0.61	0.59	0.63	1	4	1	0.17	1.47	0.55
V	ask	plead	cere	pleda	1	2.52	2.59	6.47	1.92	1.67	0.36	0.41	0.32	0.51	0.12	2.09	0.35	0.25	1.87	0.77
V	find	disappear	găsi	dispărea	1	2.63	2.86	0.77	0.25	0	0.44	0.53	0.18	0.52	0.17	2.5	0.4	0.33	2.16	0.5
V	inspect	examine	inspecta	examina	1	3.31	2.86	8.75	8.68	9.58	0.5	0.54	0.55	0.69	0.33	3.42	0.67	0.5	2.56	0.5
V	verify	justify	verifica	justifica	1	2.1	1.45	4.08	2.33	3.75	0.38	0.37	0.49	0.51	0.25	3	0.67	0.33	2.16	0.67
V	assume	predict	presupune	prezice	1	1.75	2	4.85	4.65	3.75	0.37	0.42	0.41	0.46	0.2	2.68	0.73	0.12	1.18	0.22
V	learn	evaluate	învăța	evalua	1	2.2	1.85	4.17	1.35	0	0.36	0.39	0.18	0.44	0.17	2.5	0.4	0.25	1.87	0.4
V	argue	justify	argumenta	justifica	1	2.75	1.45	5	8.33	7.92	0.58	0.58	0.64	0.59	0.1	1.77	0.22	0.33	2.16	0.8
V	make	become	face	deveni	1	2.67	1.54	4.77	2.95	5.83	0.39	0.32	0.52	0.55	0.17	2.42	0.5	0.5	2.56	0.5
V	achieve	succeed	obține	reuși	1	2.29	2.33	7.5	4.57	5	0.33	0.34	0.34	0.71	0.25	3	0.67	0.5	2.56	0.4
V	give	put	da	pune	1	2.83	2.5	3.65	0.78	0.42	0.31	0.35	0.16	0.6	1	4	1	0.33	2.16	0.84
V	understand	listen	înțelege	asculta	1	2.28	3.47	4.68	3.02	2.08	0.34	0.36	0.42	0.34	0.25	3	0.5	0.25	1.87	0.4
V	borrow	sell	împrumuta	vinde	1	3.1	3.35	1.73	0.43	0.83	0.47	0.5	0.43	0.55	0.17	2.42	0.33	0.2	1.65	0.33
V	keep	protect	păstra	proteja	1	2.37	2.86	5.4	3.4	4.17	0.46	0.47	0.46	0.63	0.33	3.42	0.86	0.5	2.56	0.86
V	explain	prove	explica	demonstra	1	1.97	1.83	4.1	7.02	6.67	0.56	0.6	0.63	0.66	0.25	3	0.8	0.33	2.16	0.8
V	agree	please	consimți	mulțumi	1	2.31	1.64	4.13	1.07	0	0.37	0.4	0.24	0.71	0.17	2.42	0.33	0.25	1.87	0.4
V	forgive	forget	ierta	uita	1	1.92	2.04	3.92	2.2	2.5	0.58	0.64	0.49	0.54	0.14	2.28	0.33	0.25	1.87	0.4
V	clarify	explain	clarifica	explica	1	2.07	1.97	8.33	8.2	8.75	0.56	0.6	0.62	0.66	0.33	3.42	0.91	0.5	2.56	0.91
V	understand	forgive	înțelege	ierta	1	2.28	1.92	4.87	2.8	1.67	0.34	0.35	0.4	0.4	0.14	2.28	0.33	0.25	1.87	0.4
V	remind	forget	reaminti	uita	1	2.19	2.04	0.87	0.35	0.42	0.48	0.51	0.48	0.46	0.2	2.77	0.5	0.33	2.16	0.5
V	get	remain	ajunge	rămâne	1	2.38	1.96	1.6	0.57	0.42	0.49	0.51	0.16	0.54	0.25	3	0.5	0.33	2.16	0.5
V	realize	discover	înțelege	descoperi	1	2.03	2.37	7.47	2.3	2.92	0.41	0.43	0.44	0.41	0.2	2.77	0.5	0.33	2.16	0.5
V	require	inquire	necesita	întreba	1	2.07	2.38	1.82	1.13	0.83	0.21	0.18	0.11	0.06	0.2	2.77	0.5	0.17	1.47	0.29
V	ignore	ask	ignora	cere	1	2.22	2.52	1.07	0.13	0	0.26	0.27	0.35	0.54	0.2	2.77	0.5	0.33	2.16	0.5
V	think	inquire	gândi	întreba	1	2.41	2.38	4.77	1.45	0	0.66	0.69	0.28	0.79	0.2	2.77	0.5	0.17	1.47	0.29
V	reject	avoid	respinge	evita	1	2.4	2.41	4.78	5.42	3.33	0.24	0.26	0.46	0.49	0.2	2.77	0.5	0.33	2.16	0.5
V	argue	persuade	argumenta	convinge	1	2.75	2.07	6.23	5.5	4.58	0.56	0.55	0.48	0.46	0.11	1.92	0.25	0.14	1.31	0.25
V	pursue	persuade	urmări	convinge	1	2.83	2.07	3.17	1.48	0	0.37	0.36	0.16	0.46	0.17	2.5	0.4	0.2	1.65	0.33
V	accept	forgive	accepta	ierta	1	3.03	1.92	3.73	2.95	0.83	0.44	0.5	0.47	0.54	0.12	2.09	0.29	0.25	1.87	0.4
V	do	quit	face	renunța	1	2.46	2.56	1.17	0.13	0	0.37	0.32	0.28	0.41	0.2	2.77	0.5	0.33	2.16	0.5
V	investigate	examine	investiga	examina	1	2.27	2.86	8.1	8.23	8.75	0.48	0.53	0.54	0.76	0.33	3.42	0.86	0.5	2.56	0.86
V	discuss	explain	discuta	explica	1	3.17	1.97	6.67	3.9	5.83	0.55	0.6	0.51	0.62	0.2	2.68	0.67	0.17	1.47	0.55
V	owe	lend	datora	împrumuta	1	2.07	3.07	2.32	1.52	3.75	0.35	0.35	0.29	0.46	0.17	2.5	0.4	0.33	2.16	0.4
V	explore	discover	explora	descoperi	1	2.9	2.37	8.48	6.2	6.25	0.68	0.69	0.64	0.74	0.14	2.28	0.33	0.2	1.65	0.33
V	withdraw	reject	retrage	respinge	1	3.04	2.4	6.38	2.42	2.08	0.4	0.4	0.54	0.66	0.2	2.77	0.73	0.33	2.16	0.75
V	keep	borrow	păstra	împrumuta	1	2.37	3.1	2.25	0.38	0	0.36	0.41	0.31	0.63	0.17	2.5	0.4	0.25	1.87	0.4
V	beg	ask	implora	cere	1	2.96	2.52	6	5.18	7.08	0.37	0.47	0.5	0.57	0.33	3.42	0.94	0.33	2.16	0.83
V	arrange	organize	aranja	organiza	1	2.79	2.72	8.27	8.18	5.83	0.32	0.35	0.52	0.56	1	4	1	0.5	2.56	0.86
V	reduce	shrink	reduce	micșora	1	2	3.55	8.02	8.72	9.58	0.6	0.64	0.33	0.57	1	4	1	1	3.26	1
V	speak	acknowledge	vorbi	recunoaște	1	3.7	2.03	4.67	1.28	1.25	0.45	0.48	0.34	0.41	0.12	2.09	0.29	0.2	1.65	0.46
V	give	borrow	da	împrumuta	1	2.83	3.1	2.22	5.67	7.08	0.36	0.35	0.17	0.41	0.33	3.42	0.8	0.25	1.87	0.4
V	kill	defend	ucide	apăra	1	3.9	2.31	2.63	0.13	0	0.46	0.54	0.17	0.6	0.2	2.77	0.5	0.33	2.16	0.5
V	disappear	shrink	dispărea	micșora	1	2.86	3.55	5.8	1.35	3.33	0.49	0.54	0.24	0.56	0.25	3	0.75	0.25	1.87	0.67
V	deliver	carry	livra	căra	1	3.12	4.04	3.88	3.52	5	0.4	0.4	0.14	0.41	0.17	2.42	0.33	0.5	2.56	0.86
V	breathe	choke	respira	îneca	1	4.07	3.97	1.37	0.1	0	0.5	0.55	0.38	0.56	0.17	2.5	0.4	0.5	2.56	0.67
V	acknowledge	notify	recunoaște	notifica	1	2.03	3.04	5.3	1.45	1.67	0.32	0.32	0.27	0.31	0.11	1.92	0.25	0.14	1.31	0.57
V	become	seem	deveni	părea	1	1.54	1.75	2.63	0.75	0.83	0.42	0.41	0.13	0.49	0.12	2.09	0.29	0.25	1.87	0.4
V	pretend	seem	pretinde	părea	1	2.11	1.75	4.68	5.1	2.92	0.41	0.39	0.13	0.48	0.14	2.28	0.33	0.25	1.87	0.4
V	accomplish	become	realiza	deveni	1	2.33	1.54	4	3.33	2.92	0.39	0.37	0.45	0.62	0.14	2.28	0.33	0.25	1.87	0.4
V	determine	predict	determina	prezice	1	2.13	2	5.8	2.42	4.17	0.46	0.43	0.54	0.53	0.1	1.77	0.22	0.14	1.31	0.25
V	please	entertain	mulțumi	distra	1	1.64	2.55	5	1.57	0.83	0.41	0.45	0.23	0.46	0.14	2.19	0.33	0.2	1.65	0.33
V	remain	retain	rămâne	reține	1	1.96	2.32	5.75	2.63	3.33	0.29	0.26	0.25	0.69	0.25	3	0.5	0.25	1.87	0.4
V	pretend	portray	imagina	portretiza	1	2.11	2.18	7.03	4.93	4.17	0.52	0.53	0.35	0.56	0.12	2.09	0.29	0.33	2.16	0.75
V	forget	retain	uita	reține	1	2.04	2.32	0.63	0.18	0.42	0.26	0.27	0.08	0.27	0.2	2.77	0.5	0.25	1.87	0.4
V	want	choose	vrea	alege	1	1.93	2.62	4.78	2.52	3.75	0.39	0.35	0.52	0.4	0.2	2.77	0.5	0.33	2.16	0.5
V	lose	get	pierde	primi	1	2.25	2.38	0.77	0.25	0.42	0.31	0.39	0.5	0.48	0.2	2.77	0.5	0.33	2.16	0.67
V	become	appear	deveni	apărea	1	1.54	3.13	4.77	1.13	2.08	0.46	0.44	0.12	0.52	0.33	3.42	0.86	0.33	2.16	0.5
V	leave	ignore	lăsa	ignora	1	2.53	2.22	4.42	3.52	4.17	0.44	0.49	0.19	0.49	0.2	2.77	0.5	0.33	2.16	0.5
V	accept	recommend	accepta	recomanda	1	3.03	1.74	2.75	1.28	2.08	0.35	0.37	0.39	0.41	0.17	2.42	0.5	0.25	1.87	0.5
V	leave	wander	pleca	cutreiera	1	2.53	2.28	3.57	5.22	5	0.53	0.56	0.41	0.56	0.2	2.68	0.4	0.33	2.16	0.83
V	keep	give	păstra	da	1	2.37	2.83	1.05	0.18	0.42	0.26	0.29	0.24	0.35	0.2	2.77	0.5	0.33	2.16	0.55
V	give	allow	da	permite	1	2.83	2.41	5.15	2.37	3.33	0.24	0.24	0.13	0.36	1	4	1	0.5	2.56	0.89
V	bring	send	aduce	trimite	1	2.55	2.7	2.97	0.6	0.42	0.42	0.45	0.54	0.33	0.25	3	0.75	0.33	2.16	0.67
V	absorb	learn	absorbi	învăța	1	3.11	2.2	5.48	3.9	5	0.32	0.36	0.13	0.34	0.2	2.77	0.5	0.5	2.56	0.5
V	acquire	find	achiziționa	găsi	1	2.93	2.63	6.38	1.28	0.42	0.34	0.39	0.17	0.62	0.25	3	0.5	0.5	2.56	0.67
V	leave	appear	pleca	apărea	1	2.53	3.13	0.97	0.25	0	0.34	0.37	0.09	0.32	0.2	2.77	0.5	0.33	2.16	0.5
V	create	destroy	crea	distruge	1	2.62	3.08	0.63	0.22	0.42	0.41	0.45	0.53	0.56	0.2	2.77	0.5	0.33	2.16	0.5
V	get	buy	obține	cumpăra	1	2.38	3.35	5.08	3.33	2.5	0.38	0.42	0.33	0.62	0.33	3.42	0.67	0.5	2.56	0.8
V	replace	restore	înlocui	repara	1	3	2.79	5.73	2.1	4.17	0.4	0.47	0.49	0.46	0.14	2.28	0.33	0.33	2.16	0.75
V	accept	deliver	accepta	livra	1	3.03	3.12	1.58	0.75	0	0.36	0.41	0.42	0.43	0.1	1.77	0.25	0.33	2.16	0.5
V	attach	join	atașa	uni	1	3.33	2.86	7.75	6.38	6.25	0.26	0.22	0.2	0.37	0.33	3.42	0.8	0.5	2.56	0.8
V	put	hang	pune	atârna	1	2.5	3.7	3	2.62	3.75	0.28	0.32	0.08	0.45	0.2	2.68	0.4	0.25	1.87	0.4
V	go	sell	merge	vinde	1	3.15	3.35	0.97	0.32	0	0.38	0.35	0.47	0.43	0.25	3	0.5	0.33	2.16	0.4
V	give	steal	da	fura	1	2.83	3.84	0.5	0.22	0	0.38	0.43	0.17	0.58	0.2	2.77	0.5	0.33	2.16	0.4
V	add	build	adăuga	construi	1	3	3.71	4.92	1.57	1.25	0.34	0.4	0.1	0.45	0.17	2.42	0.29	0.25	1.87	0.67
V	bring	restore	aduce	repara	1	2.55	2.79	2.62	0.32	0	0.22	0.28	0.33	0.44	0.2	2.68	0.5	0.33	2.16	0.4
V	comprehend	satisfy	înțelege	satisface	1	1.86	2.04	2.55	1.38	0.83	0.33	0.33	0.31	0.35	0.2	2.77	0.5	0.33	2.16	0.5
V	portray	decide	portretiza	decide	1	2.18	1.92	1.18	0.35	0	0.19	0.19	0.19	0.38	0.12	2.09	0.29	0.2	1.65	0.33
V	organize	become	organiza	deveni	1	2.72	1.54	1.77	0.53	0	0.3	0.31	0.34	0.51	0.11	1.92	0.25	0.25	1.87	0.4
V	give	know	da	ști	1	2.83	1.68	0.88	0.25	0	0.49	0.5	0.26	0.37	0.2	2.77	0.5	0.33	2.16	0.5
V	say	verify	spune	verifica	1	2.58	2.1	4.9	0.85	0	0.21	0.22	0.4	0.41	0.17	2.5	0.62	0.33	2.16	0.67
V	arrange	require	aranja	necesita	1	2.79	2.07	0.98	0.92	1.25	0.24	0.21	0.28	0.32	0.17	2.5	0.4	0.25	1.87	0.4
V	borrow	want	împrumuta	vrea	1	3.1	1.93	1.77	0.97	0	0.3	0.33	0.24	0.37	0.17	2.5	0.4	0.25	1.87	0.4
V	investigate	pursue	investiga	urmări	1	2.27	2.83	7.15	6.6	5	0.34	0.35	0.2	0.54	0.25	3	0.5	0.2	1.65	0.33
V	ignore	explore	ignora	explora	1	2.22	2.9	0.4	0.1	0	0.46	0.45	0.34	0.35	0.14	2.28	0.33	0.2	1.65	0.33
V	enter	owe	intra	datora	1	3.12	2.07	0.68	0.35	0	0.26	0.26	0.24	0.31	0.25	3	0.5	0.33	2.16	0.5
V	portray	notify	portretiza	notifica	1	2.18	3.04	0.78	0.53	1.25	0.22	0.23	0.17	0.21	0.09	1.63	0.2	0.11	1.06	0.2
V	remind	sell	reaminti	vinde	1	2.19	3.35	0.4	0.18	0	0.24	0.23	0.24	0.29	0.17	2.5	0.44	0.25	1.87	0.44
V	absorb	possess	absorbi	poseda	1	3.11	2.6	5	1.42	0	0.33	0.33	0.34	0.43	0.2	2.77	0.5	0.33	2.16	0.5
V	join	acquire	uni	achiziționa	1	2.86	2.93	2.85	0.38	0.42	0.28	0.33	0.3	0.28	0.17	2.5	0.4	0.33	2.16	0.5
V	send	attend	trimite	participa	1	2.7	3.17	1.67	0.57	0	0.28	0.28	0.41	0.31	0.17	2.5	0.4	0.2	1.65	0.33
V	absorb	withdraw	absorbi	retrage	1	3.11	3.04	2.97	0.92	0.42	0.31	0.33	0.33	0.45	0.25	3	0.5	0.33	2.16	0.5
V	attend	arrive	participa	sosi	1	3.17	3.22	6.08	1.17	3.33	0.2	0.29	0.33	0.42	0.2	2.77	0.5	0.25	1.87	0.4
